0 0 0 0 
0.01 0.003 0.003 0.003 
0.02 0.006 0.00599412 0.00599706 
0.03 0.00899706 0.00897943 0.00898823 
0.04 0.0119882 0.011953 0.0119706 
0.05 0.0149706 0.014912 0.0149412 
0.06 0.0179412 0.0178534 0.0178972 
0.07 0.0208971 0.0207745 0.0208356 
0.08 0.0238354 0.0236723 0.0237536 
0.09 0.0267532 0.0265441 0.0266483 
0.1 0.0296476 0.0293871 0.0295168 
0.11 0.0325158 0.0321985 0.0323564 
0.12 0.0353549 0.0349756 0.0351643 
0.13 0.0381621 0.0377157 0.0379377 
0.14 0.0409346 0.0404162 0.0406739 
0.15 0.0436697 0.0430744 0.0433703 
0.16 0.0463647 0.0456879 0.0460241 
0.17 0.0490168 0.048254 0.0486327 
0.18 0.0516235 0.0507703 0.0511937 
0.19 0.0541821 0.0532344 0.0537045 
0.2 0.05669 0.055644 0.0561627 
0.21 0.0591449 0.0579967 0.0585658 
0.22 0.0615441 0.0602903 0.0609115 
0.23 0.0638854 0.0625226 0.0631975 
0.24 0.0661664 0.0646914 0.0654216 
0.25 0.0683847 0.0667948 0.0675816 
0.26 0.0705381 0.0688308 0.0696753 
0.27 0.0726246 0.0707973 0.0717007 
0.28 0.0746418 0.0726926 0.0736559 
0.29 0.0765879 0.0745149 0.0755389 
0.3 0.0784609 0.0762624 0.0773479 
0.31 0.0802588 0.0779335 0.0790811 
0.32 0.0819798 0.0795267 0.0807368 
0.33 0.0836221 0.0810405 0.0823134 
0.34 0.0851841 0.0824735 0.0838094 
0.35 0.0866642 0.0838243 0.0852233 
0.36 0.0880608 0.0850918 0.0865537 
0.37 0.0893725 0.0862748 0.0877994 
0.38 0.0905979 0.0873721 0.088959 
0.39 0.0917358 0.0883828 0.0900315 
0.4 0.0927849 0.0893061 0.0910158 
0.41 0.0937441 0.090141 0.091911 
0.42 0.0946125 0.0908869 0.0927161 
0.43 0.095389 0.0915432 0.0934305 
0.44 0.0960728 0.0921092 0.0940533 
0.45 0.0966632 0.0925845 0.0945841 
0.46 0.0971595 0.0929687 0.0950222 
0.47 0.0975612 0.0932616 0.0953673 
0.48 0.0978676 0.0934629 0.0956189 
0.49 0.0980785 0.0935726 0.095777 
0.5 0.0981936 0.0935905 0.0958412 
0.51 0.0982126 0.0935169 0.0958116 
0.52 0.0981354 0.0933518 0.0956882 
0.53 0.097962 0.0930956 0.095471 
0.54 0.0976926 0.0927484 0.0951604 
0.55 0.0973271 0.0923109 0.0947566 
0.56 0.096866 0.0917834 0.09426 
0.57 0.0963095 0.0911667 0.0936711 
0.58 0.0956582 0.0904613 0.0929904 
0.59 0.0949126 0.089668 0.0922187 
0.6 0.0940732 0.0887878 0.0913567 
0.61 0.0931409 0.0878215 0.0904051 
0.62 0.0921164 0.0867702 0.0893651 
0.63 0.0910007 0.085635 0.0882375 
0.64 0.0897947 0.0844171 0.0870235 
0.65 0.0884996 0.0831178 0.0857242 
0.66 0.0871166 0.0817383 0.084341 
0.67 0.0856468 0.0802802 0.0828752 
0.68 0.0840917 0.0787449 0.0813281 
0.69 0.0824526 0.0771341 0.0797014 
0.7 0.0807312 0.0754492 0.0779966 
0.71 0.078929 0.0736922 0.0762154 
0.72 0.0770476 0.0718647 0.0743595 
0.73 0.0750889 0.0699686 0.0724307 
0.74 0.0730547 0.0680059 0.070431 
0.75 0.0709469 0.0659785 0.0683623 
0.76 0.0687675 0.0638884 0.0662265 
0.77 0.0665186 0.0617379 0.0640259 
0.78 0.0642022 0.0595289 0.0617625 
0.79 0.0618206 0.0572638 0.0594385 
0.8 0.0593762 0.0549449 0.0570563 
0.81 0.056871 0.0525744 0.0546182 
0.82 0.0543077 0.0501547 0.0521266 
0.83 0.0516887 0.0476882 0.0495838 
0.84 0.0490163 0.0451775 0.0469924 
0.85 0.0462933 0.0426249 0.044355 
0.86 0.0435222 0.0400331 0.041674 
0.87 0.0407058 0.0374046 0.0389523 
0.88 0.0378466 0.034742 0.0361923 
0.89 0.0349475 0.032048 0.0333968 
0.9 0.0320113 0.0293252 0.0305686 
0.91 0.0290409 0.0265764 0.0277104 
0.92 0.026039 0.0238042 0.024825 
0.93 0.0230086 0.0210114 0.0219153 
0.94 0.0199527 0.0182007 0.0189841 
0.95 0.0168743 0.015375 0.0160343 
0.96 0.0137762 0.0125369 0.0130687 
0.97 0.0106616 0.00968939 0.0100903 
0.98 0.00753354 0.00683514 0.00710207 
0.99 0.00439497 0.00397699 0.00410685 
1 0.00124902 0.00111774 0.00110759 
1.01 -0.00190125 -0.0017398 -0.00189275 
1.02 -0.00505274 -0.00459284 -0.00489124 
1.03 -0.00820237 -0.00743858 -0.00788493 
1.04 -0.011347 -0.0102742 -0.0108709 
1.05 -0.0144837 -0.0130971 -0.0138462 
1.06 -0.0176092 -0.0159043 -0.0168079 
1.07 -0.0207204 -0.0186931 -0.0197531 
1.08 -0.0238145 -0.021461 -0.022679 
1.09 -0.0268881 -0.024205 -0.0255826 
1.1 -0.0299385 -0.0269227 -0.0284611 
1.11 -0.0329624 -0.0296113 -0.0313118 
1.12 -0.035957 -0.0322683 -0.0341317 
1.13 -0.0389193 -0.0348911 -0.0369181 
1.14 -0.0418462 -0.0374771 -0.0396684 
1.15 -0.0447351 -0.0400238 -0.0423797 
1.16 -0.0475828 -0.0425289 -0.0450495 
1.17 -0.0503868 -0.0449898 -0.0476752 
1.18 -0.053144 -0.0474042 -0.0502541 
1.19 -0.0558518 -0.0497699 -0.0527837 
1.2 -0.0585076 -0.0520844 -0.0552616 
1.21 -0.0611085 -0.0543457 -0.0576853 
1.22 -0.0636521 -0.0565515 -0.0600525 
1.23 -0.0661358 -0.0586998 -0.0623608 
1.24 -0.0685571 -0.0607885 -0.064608 
1.25 -0.0709136 -0.0628155 -0.0667918 
1.26 -0.0732029 -0.0647791 -0.0689102 
1.27 -0.0754226 -0.0666774 -0.0709611 
1.28 -0.0775706 -0.0685084 -0.0729425 
1.29 -0.0796447 -0.0702706 -0.0748523 
1.3 -0.0816428 -0.0719623 -0.0766888 
1.31 -0.0835628 -0.0735818 -0.0784502 
1.32 -0.0854028 -0.0751277 -0.0801347 
1.33 -0.0871609 -0.0765986 -0.0817408 
1.34 -0.0888354 -0.077993 -0.0832667 
1.35 -0.0904244 -0.0793097 -0.084711 
1.36 -0.0919265 -0.0805474 -0.0860724 
1.37 -0.0933399 -0.0817051 -0.0873495 
1.38 -0.0946633 -0.0827817 -0.088541 
1.39 -0.0958953 -0.0837762 -0.0896458 
1.4 -0.0970345 -0.0846877 -0.0906628 
1.41 -0.0980798 -0.0855154 -0.0915909 
1.42 -0.09903 -0.0862586 -0.0924294 
1.43 -0.0998842 -0.0869167 -0.0931774 
1.44 -0.100641 -0.087489 -0.0938341 
1.45 -0.101301 -0.0879751 -0.0943989 
1.46 -0.101862 -0.0883747 -0.0948713 
1.47 -0.102323 -0.0886873 -0.0952507 
1.48 -0.102685 -0.0889129 -0.0955369 
1.49 -0.102947 -0.0890512 -0.0957295 
1.5 -0.103108 -0.0891022 -0.0958284 
1.51 -0.103168 -0.089066 -0.0958335 
1.52 -0.103127 -0.0889426 -0.0957447 
1.53 -0.102986 -0.0887323 -0.0955621 
1.54 -0.102743 -0.0884354 -0.095286 
1.55 -0.102399 -0.0880521 -0.0949165 
1.56 -0.101955 -0.0875831 -0.0944541 
1.57 -0.101411 -0.0870288 -0.0938992 
1.58 -0.100767 -0.0863899 -0.0932523 
1.59 -0.100023 -0.085667 -0.0925141 
1.6 -0.0991807 -0.084861 -0.0916853 
1.61 -0.0982405 -0.0839727 -0.0907668 
1.62 -0.0972031 -0.083003 -0.0897593 
1.63 -0.0960695 -0.0819531 -0.0886639 
1.64 -0.0948407 -0.080824 -0.0874816 
1.65 -0.0935178 -0.0796168 -0.0862137 
1.66 -0.0921019 -0.0783329 -0.0848613 
1.67 -0.0905945 -0.0769735 -0.0834258 
1.68 -0.0889969 -0.0755401 -0.0819086 
1.69 -0.0873105 -0.0740341 -0.0803111 
1.7 -0.0855369 -0.0724571 -0.0786349 
1.71 -0.0836778 -0.0708107 -0.0768817 
1.72 -0.0817349 -0.0690966 -0.0750532 
1.73 -0.0797099 -0.0673165 -0.0731511 
1.74 -0.0776049 -0.0654722 -0.0711773 
1.75 -0.0754218 -0.0635656 -0.0691338 
1.76 -0.0731626 -0.0615986 -0.0670226 
1.77 -0.0708295 -0.0595732 -0.0648457 
1.78 -0.0684247 -0.0574915 -0.0626052 
1.79 -0.0659505 -0.0553554 -0.0603033 
1.8 -0.0634091 -0.0531672 -0.0579424 
1.81 -0.0608032 -0.0509291 -0.0555246 
1.82 -0.0581351 -0.0486433 -0.0530524 
1.83 -0.0554073 -0.0463121 -0.0505282 
1.84 -0.0526226 -0.0439377 -0.0479545 
1.85 -0.0497835 -0.0415227 -0.0453338 
1.86 -0.0468929 -0.0390693 -0.0426686 
1.87 -0.0439534 -0.0365801 -0.0399616 
1.88 -0.0409679 -0.0340574 -0.0372154 
1.89 -0.0379394 -0.0315039 -0.0344327 
1.9 -0.0348706 -0.028922 -0.0316162 
1.91 -0.0317647 -0.0263143 -0.0287688 
1.92 -0.0286245 -0.0236833 -0.0258931 
1.93 -0.0254532 -0.0210317 -0.022992 
1.94 -0.0222538 -0.0183621 -0.0200684 
1.95 -0.0190295 -0.0156771 -0.0171252 
1.96 -0.0157833 -0.0129794 -0.0141651 
1.97 -0.0125184 -0.0102716 -0.0111911 
1.98 -0.0092381 -0.00755645 -0.00820614 
1.99 -0.00594549 -0.00483651 -0.00521314 
2 -0.00264381 -0.00211449 -0.00221503 
2.01 0.000663695 0.000606931 0.000785253 
2.02 0.0039738 0.00332509 0.00378477 
2.03 0.00728325 0.00603733 0.00678057 
2.04 0.0105888 0.00874099 0.00976972 
2.05 0.0138872 0.0114334 0.0127493 
2.06 0.0171752 0.014112 0.0157164 
2.07 0.0204496 0.0167742 0.018668 
2.08 0.0237072 0.0194173 0.0216014 
2.09 0.0269447 0.0220388 0.0245135 
2.1 0.0301589 0.0246361 0.0274016 
2.11 0.0333467 0.0272067 0.0302629 
2.12 0.0365049 0.0297482 0.0330945 
2.13 0.0396304 0.032258 0.0358936 
2.14 0.0427202 0.0347337 0.0386575 
2.15 0.045771 0.037173 0.0413835 
2.16 0.04878 0.0395735 0.044069 
2.17 0.051744 0.0419328 0.0467112 
2.18 0.0546602 0.0442488 0.0493077 
2.19 0.0575257 0.0465191 0.0518558 
2.2 0.0603376 0.0487417 0.0543531 
2.21 0.0630931 0.0509143 0.0567971 
2.22 0.0657895 0.0530349 0.0591854 
2.23 0.068424 0.0551015 0.0615157 
2.24 0.070994 0.0571121 0.0637857 
2.25 0.0734969 0.0590648 0.0659932 
2.26 0.0759302 0.0609577 0.068136 
2.27 0.0782915 0.0627891 0.070212 
2.28 0.0805784 0.0645571 0.0722193 
2.29 0.0827886 0.0662603 0.0741557 
2.3 0.0849198 0.0678968 0.0760196 
2.31 0.0869698 0.0694653 0.0778089 
2.32 0.0889367 0.0709642 0.079522 
2.33 0.0908184 0.0723922 0.0811571 
2.34 0.0926129 0.0737479 0.0827128 
2.35 0.0943184 0.07503 0.0841875 
2.36 0.0959333 0.0762375 0.0855796 
2.37 0.0974557 0.0773691 0.086888 
2.38 0.0988842 0.0784238 0.0881112 
2.39 0.100217 0.0794008 0.0892481 
2.4 0.101453 0.080299 0.0902976 
2.41 0.102591 0.0811178 0.0912587 
2.42 0.10363 0.0818563 0.0921304 
2.43 0.104568 0.082514 0.0929119 
2.44 0.105405 0.0830903 0.0936023 
2.45 0.106139 0.0835847 0.0942011 
2.46 0.10677 0.0839968 0.0947077 
2.47 0.107298 0.0843262 0.0951215 
2.48 0.10772 0.0845728 0.0954422 
2.49 0.108038 0.0847364 0.0956693 
2.5 0.10825 0.0848168 0.0958028 
2.51 0.108356 0.0848142 0.0958425 
2.52 0.108357 0.0847285 0.0957884 
2.53 0.108251 0.08456 0.0956404 
2.54 0.108039 0.0843088 0.0953988 
2.55 0.107721 0.0839754 0.0950637 
2.56 0.107298 0.0835601 0.0946356 
2.57 0.106769 0.0830634 0.0941148 
2.58 0.106135 0.0824859 0.0935018 
2.59 0.105396 0.0818282 0.0927972 
2.6 0.104553 0.0810911 0.0920018 
2.61 0.103608 0.0802752 0.0911163 
2.62 0.102559 0.0793816 0.0901415 
2.63 0.10141 0.0784111 0.0890784 
2.64 0.10016 0.0773649 0.0879281 
2.65 0.0988104 0.0762439 0.0866916 
2.66 0.097363 0.0750493 0.0853703 
2.67 0.0958187 0.0737824 0.0839653 
2.68 0.0941791 0.0724446 0.0824781 
2.69 0.0924457 0.0710371 0.08091 
2.7 0.09062 0.0695614 0.0792627 
2.71 0.0887037 0.068019 0.0775378 
2.72 0.0866987 0.0664115 0.0757368 
2.73 0.0846067 0.0647406 0.0738617 
2.74 0.0824299 0.0630079 0.0719142 
2.75 0.0801701 0.0612152 0.0698962 
2.76 0.0778295 0.0593643 0.0678097 
2.77 0.0754104 0.057457 0.0656568 
2.78 0.072915 0.0554953 0.0634395 
2.79 0.0703457 0.0534812 0.06116 
2.8 0.0677049 0.0514167 0.0588206 
2.81 0.0649952 0.0493038 0.0564236 
2.82 0.0622191 0.0471447 0.0539712 
2.83 0.0593793 0.0449415 0.0514659 
2.84 0.0564785 0.0426965 0.0489102 
2.85 0.0535195 0.0404118 0.0463065 
2.86 0.0505051 0.0380898 0.0436574 
2.87 0.0474382 0.0357327 0.0409656 
2.88 0.0443218 0.0333429 0.0382335 
2.89 0.0411589 0.0309228 0.035464 
2.9 0.0379525 0.0284747 0.0326597 
2.91 0.0347057 0.0260012 0.0298233 
2.92 0.0314218 0.0235046 0.0269578 
2.93 0.0281038 0.0209874 0.0240657 
2.94 0.0247549 0.0184521 0.0211501 
2.95 0.0213785 0.0159012 0.0182138 
2.96 0.0179778 0.0133372 0.0152595 
2.97 0.0145562 0.0107626 0.0122904 
2.98 0.0111169 0.00818008 0.00930911 
2.99 0.00766335 0.00559203 0.00631874 
3 0.00419888 0.00300104 0.00332218 
3.01 0.000726888 0.000409646 0.000322353 
3.02 -0.00274922 -0.00217961 -0.00267779 
3.03 -0.00622604 -0.00476419 -0.0056753 
3.04 -0.00970016 -0.00734157 -0.00866725 
3.05 -0.0131682 -0.00990923 -0.0116507 
3.06 -0.0166267 -0.0124647 -0.0146227 
3.07 -0.0200723 -0.0150054 -0.0175804 
3.08 -0.0235015 -0.0175289 -0.0205208 
3.09 -0.0269111 -0.0200328 -0.0234412 
3.1 -0.0302976 -0.0225145 -0.0263385 
3.11 -0.0336578 -0.0249718 -0.02921 
3.12 -0.0369882 -0.0274022 -0.0320528 
3.13 -0.0402856 -0.0298034 -0.0348643 
3.14 -0.0435467 -0.032173 -0.0376415 
3.15 -0.0467683 -0.0345088 -0.0403818 
3.16 -0.0499472 -0.0368085 -0.0430826 
3.17 -0.0530803 -0.0390698 -0.0457411 
3.18 -0.0561644 -0.0412907 -0.0483547 
3.19 -0.0591964 -0.0434689 -0.050921 
3.2 -0.0621733 -0.0456024 -0.0534373 
3.21 -0.0650923 -0.0476892 -0.0559012 
3.22 -0.0679502 -0.0497272 -0.0583104 
3.23 -0.0707444 -0.0517144 -0.0606624 
3.24 -0.0734719 -0.0536491 -0.0629549 
3.25 -0.0761301 -0.0555293 -0.0651857 
3.26 -0.0787163 -0.0573533 -0.0673526 
3.27 -0.0812279 -0.0591193 -0.0694536 
3.28 -0.0836623 -0.0608257 -0.0714864 
3.29 -0.0860172 -0.0624709 -0.0734493 
3.3 -0.08829 -0.0640532 -0.0753401 
3.31 -0.0904786 -0.0655713 -0.0771571 
3.32 -0.0925807 -0.0670237 -0.0788986 
3.33 -0.0945942 -0.068409 -0.0805627 
3.34 -0.0965169 -0.069726 -0.0821479 
3.35 -0.098347 -0.0709734 -0.0836526 
3.36 -0.100083 -0.0721501 -0.0850754 
3.37 -0.101722 -0.073255 -0.0864148 
3.38 -0.103263 -0.074287 -0.0876696 
3.39 -0.104705 -0.0752454 -0.0888386 
3.4 -0.106045 -0.0761291 -0.0899205 
3.41 -0.107283 -0.0769374 -0.0909143 
3.42 -0.108417 -0.0776696 -0.0918191 
3.43 -0.109446 -0.0783251 -0.092634 
3.44 -0.110369 -0.0789032 -0.0933581 
3.45 -0.111185 -0.0794035 -0.0939908 
3.46 -0.111893 -0.0798256 -0.0945315 
3.47 -0.112492 -0.0801691 -0.0949796 
3.48 -0.112981 -0.0804338 -0.0953347 
3.49 -0.11336 -0.0806195 -0.0955964 
3.5 -0.113629 -0.0807261 -0.0957645 
3.51 -0.113786 -0.0807536 -0.0958388 
3.52 -0.113833 -0.080702 -0.0958193 
3.53 -0.113768 -0.0805714 -0.0957059 
3.54 -0.113591 -0.0803621 -0.0954989 
3.55 -0.113304 -0.0800743 -0.0951983 
3.56 -0.112905 -0.0797084 -0.0948044 
3.57 -0.112395 -0.0792648 -0.0943178 
3.58 -0.111774 -0.078744 -0.0937388 
3.59 -0.111044 -0.0781467 -0.0930679 
3.6 -0.110204 -0.0774734 -0.092306 
3.61 -0.109256 -0.076725 -0.0914536 
3.62 -0.108199 -0.0759021 -0.0905116 
3.63 -0.107036 -0.0750058 -0.089481 
3.64 -0.105766 -0.0740369 -0.0883628 
3.65 -0.104392 -0.0729964 -0.087158 
3.66 -0.102915 -0.0718855 -0.0858679 
3.67 -0.101335 -0.0707052 -0.0844936 
3.68 -0.099654 -0.0694569 -0.0830366 
3.69 -0.097874 -0.0681418 -0.0814982 
3.7 -0.0959965 -0.0667613 -0.0798799 
3.71 -0.094023 -0.0653167 -0.0781835 
3.72 -0.0919556 -0.0638096 -0.0764104 
3.73 -0.0897961 -0.0622414 -0.0745624 
3.74 -0.0875464 -0.0606138 -0.0726414 
3.75 -0.0852088 -0.0589285 -0.0706492 
3.76 -0.0827855 -0.057187 -0.0685878 
3.77 -0.0802786 -0.0553913 -0.0664591 
3.78 -0.0776906 -0.0535431 -0.0642653 
3.79 -0.075024 -0.0516442 -0.0620086 
3.8 -0.0722812 -0.0496966 -0.059691 
3.81 -0.0694649 -0.0477022 -0.057315 
3.82 -0.0665777 -0.045663 -0.0548828 
3.83 -0.0636225 -0.0435811 -0.0523967 
3.84 -0.0606019 -0.0414586 -0.0498593 
3.85 -0.0575191 -0.0392974 -0.0472731 
3.86 -0.0543768 -0.0371 -0.0446405 
3.87 -0.0511781 -0.0348683 -0.0419641 
3.88 -0.047926 -0.0326046 -0.0392465 
3.89 -0.0446239 -0.0303112 -0.0364905 
3.9 -0.0412747 -0.0279903 -0.0336987 
3.91 -0.0378817 -0.0256443 -0.0308739 
3.92 -0.0344483 -0.0232755 -0.0280188 
3.93 -0.0309777 -0.0208861 -0.0251362 
3.94 -0.0274733 -0.0184787 -0.022229 
3.95 -0.0239385 -0.0160555 -0.0192999 
3.96 -0.0203768 -0.0136189 -0.016352 
3.97 -0.0167916 -0.0111714 -0.013388 
3.98 -0.0131865 -0.00871531 -0.0104108 
3.99 -0.00956482 -0.0062531 -0.0074235 
4 -0.00593023 -0.00378718 -0.00442888 
4.01 -0.00228626 -0.00131996 -0.00142991 
4.02 0.00136352 0.00114614 0.00157045 
4.03 0.00501555 0.0036087 0.00456928 
4.04 0.00866624 0.0060653 0.00756363 
4.05 0.012312 0.00851355 0.0105506 
4.06 0.0159493 0.0109511 0.0135271 
4.07 0.0195745 0.0133755 0.0164904 
4.08 0.023184 0.0157844 0.0194376 
4.09 0.0267744 0.0181754 0.0223657 
4.1 0.030342 0.0205464 0.0252718 
4.11 0.0338833 0.0228948 0.0281532 
4.12 0.0373949 0.0252186 0.0310069 
4.13 0.0408732 0.0275153 0.0338303 
4.14 0.0443149 0.0297828 0.0366205 
4.15 0.0477165 0.0320189 0.0393747 
4.16 0.0510746 0.0342215 0.0420904 
4.17 0.0543859 0.0363884 0.0447648 
4.18 0.0576472 0.0385175 0.0473953 
4.19 0.0608551 0.0406067 0.0499793 
4.2 0.0640065 0.0426542 0.0525144 
4.21 0.0670983 0.0446578 0.0549979 
4.22 0.0701273 0.0466157 0.0574276 
4.23 0.0730905 0.0485261 0.0598009 
4.24 0.075985 0.050387 0.0621157 
4.25 0.0788078 0.0521968 0.0643695 
4.26 0.0815562 0.0539536 0.0665603 
4.27 0.0842273 0.0556559 0.0686858 
4.28 0.0868186 0.057302 0.0707441 
4.29 0.0893273 0.0588903 0.072733 
4.3 0.0917509 0.0604195 0.0746506 
4.31 0.094087 0.0618879 0.0764951 
4.32 0.0963333 0.0632943 0.0782646 
4.33 0.0984873 0.0646373 0.0799575 
4.34 0.100547 0.0659158 0.081572 
4.35 0.10251 0.0671284 0.0831066 
4.36 0.104375 0.0682741 0.0845598 
4.37 0.10614 0.0693518 0.0859302 
4.38 0.107802 0.0703605 0.0872164 
4.39 0.10936 0.0712994 0.0884171 
4.4 0.110813 0.0721675 0.0895313 
4.41 0.112158 0.0729641 0.0905577 
4.42 0.113396 0.0736885 0.0914955 
4.43 0.114523 0.07434 0.0923437 
4.44 0.115539 0.0749181 0.0931014 
4.45 0.116444 0.0754223 0.0937679 
4.46 0.117235 0.0758521 0.0943427 
4.47 0.117912 0.0762073 0.094825 
4.48 0.118474 0.0764875 0.0952144 
4.49 0.118921 0.0766925 0.0955107 
4.5 0.119253 0.0768222 0.0957133 
4.51 0.119467 0.0768766 0.0958223 
4.52 0.119565 0.0768557 0.0958374 
4.53 0.119546 0.0767596 0.0957587 
4.54 0.11941 0.0765884 0.0955862 
4.55 0.119157 0.0763423 0.0953201 
4.56 0.118788 0.0760218 0.0949607 
4.57 0.118301 0.0756272 0.0945082 
4.58 0.117699 0.0751588 0.0939632 
4.59 0.11698 0.0746174 0.0933262 
4.6 0.116147 0.0740034 0.0925978 
4.61 0.115198 0.0733176 0.0917787 
4.62 0.114137 0.0725606 0.0908697 
4.63 0.112962 0.0717334 0.0898717 
4.64 0.111676 0.0708367 0.0887857 
4.65 0.110279 0.0698715 0.0876128 
4.66 0.108773 0.0688388 0.086354 
4.67 0.107158 0.0677397 0.0850106 
4.68 0.105438 0.0665754 0.083584 
4.69 0.103612 0.065347 0.0820754 
4.7 0.101683 0.0640558 0.0804865 
4.71 0.099653 0.0627032 0.0788187 
4.72 0.0975231 0.0612904 0.0770737 
4.73 0.0952957 0.059819 0.0752532 
4.74 0.0929727 0.0582905 0.0733589 
4.75 0.0905563 0.0567064 0.0713928 
4.76 0.0880489 0.0550682 0.0693567 
4.77 0.0854528 0.0533778 0.0672526 
4.78 0.0827704 0.0516366 0.0650826 
4.79 0.0800043 0.0498467 0.0628488 
4.8 0.0771571 0.0480096 0.0605535 
4.81 0.0742315 0.0461273 0.0581988 
4.82 0.0712302 0.0442016 0.055787 
4.83 0.0681562 0.0422346 0.0533206 
4.84 0.0650124 0.040228 0.0508018 
4.85 0.0618018 0.0381841 0.0482333 
4.86 0.0585274 0.0361047 0.0456175 
4.87 0.0551925 0.033992 0.042957 
4.88 0.0518002 0.031848 0.0402543 
4.89 0.0483537 0.0296749 0.0375122 
4.9 0.0448565 0.0274749 0.0347333 
4.91 0.0413118 0.0252501 0.0319204 
4.92 0.0377232 0.0230028 0.0290761 
4.93 0.034094 0.0207351 0.0262033 
4.94 0.0304279 0.0184493 0.0233049 
4.95 0.0267283 0.0161477 0.0203835 
4.96 0.0229989 0.0138325 0.0174422 
4.97 0.0192432 0.011506 0.0144838 
4.98 0.015465 0.00917055 0.0115112 
4.99 0.0116679 0.00682837 0.00852726 
5 0.00785564 0.0044818 0.00553499 
5.01 0.00403193 0.00213313 0.00253729 
5.02 0.000200519 -0.000215321 -0.000462907 
5.03 -0.00363485 -0.00256126 -0.00346264 
5.04 -0.00747042 -0.0049024 -0.00645899 
5.05 -0.0113024 -0.00723643 -0.00944899 
5.06 -0.0151271 -0.00956108 -0.0124297 
5.07 -0.0189407 -0.0118741 -0.0153983 
5.08 -0.0227394 -0.0141732 -0.0183517 
5.09 -0.0265196 -0.0164562 -0.0212872 
5.1 -0.0302774 -0.0187207 -0.0242018 
5.11 -0.0340093 -0.0209648 -0.0270926 
5.12 -0.0377114 -0.0231861 -0.0299569 
5.13 -0.0413802 -0.0253825 -0.0327918 
5.14 -0.045012 -0.0275518 -0.0355945 
5.15 -0.0486033 -0.0296921 -0.0383624 
5.16 -0.0521504 -0.0318011 -0.0410926 
5.17 -0.0556498 -0.0338769 -0.0437825 
5.18 -0.0590981 -0.0359175 -0.0464295 
5.19 -0.0624918 -0.0379209 -0.049031 
5.2 -0.0658276 -0.0398852 -0.0515844 
5.21 -0.0691021 -0.0418085 -0.0540873 
5.22 -0.0723121 -0.0436889 -0.0565371 
5.23 -0.0754543 -0.0455247 -0.0589315 
5.24 -0.0785257 -0.0473141 -0.0612682 
5.25 -0.0815231 -0.0490554 -0.0635448 
5.26 -0.0844436 -0.050747 -0.0657591 
5.27 -0.0872842 -0.0523871 -0.0679089 
5.28 -0.090042 -0.0539744 -0.0699923 
5.29 -0.0927143 -0.0555072 -0.072007 
5.3 -0.0952984 -0.0569841 -0.0739512 
5.31 -0.0977917 -0.0584038 -0.0758229 
5.32 -0.100192 -0.0597649 -0.0776203 
5.33 -0.102496 -0.0610661 -0.0793416 
5.34 -0.104702 -0.0623063 -0.0809853 
5.35 -0.106808 -0.0634842 -0.0825495 
5.36 -0.108811 -0.0645987 -0.084033 
5.37 -0.110709 -0.065649 -0.0854341 
5.38 -0.112501 -0.0666338 -0.0867515 
5.39 -0.114185 -0.0675525 -0.0879839 
5.4 -0.115758 -0.0684042 -0.0891302 
5.41 -0.11722 -0.069188 -0.0901891 
5.42 -0.118569 -0.0699033 -0.0911597 
5.43 -0.119802 -0.0705494 -0.0920411 
5.44 -0.12092 -0.0711258 -0.0928323 
5.45 -0.12192 -0.071632 -0.0935325 
5.46 -0.122803 -0.0720676 -0.0941412 
5.47 -0.123565 -0.0724322 -0.0946577 
5.48 -0.124208 -0.0727255 -0.0950815 
5.49 -0.12473 -0.0729473 -0.0954122 
5.5 -0.12513 -0.0730974 -0.0956494 
5.51 -0.125408 -0.0731759 -0.095793 
5.52 -0.125564 -0.0731826 -0.0958428 
5.53 -0.125597 -0.0731176 -0.0957987 
5.54 -0.125507 -0.0729811 -0.0956608 
5.55 -0.125294 -0.0727733 -0.0954292 
5.56 -0.124958 -0.0724945 -0.0951042 
5.57 -0.1245 -0.0721449 -0.094686 
5.58 -0.12392 -0.071725 -0.0941752 
5.59 -0.123218 -0.0712353 -0.093572 
5.6 -0.122394 -0.0706763 -0.0928773 
5.61 -0.12145 -0.0700486 -0.0920916 
5.62 -0.120386 -0.069353 -0.0912157 
5.63 -0.119204 -0.0685902 -0.0902504 
5.64 -0.117903 -0.0677609 -0.0891968 
5.65 -0.116486 -0.066866 -0.0880558 
5.66 -0.114953 -0.0659066 -0.0868286 
5.67 -0.113307 -0.0648836 -0.0855163 
5.68 -0.111548 -0.063798 -0.0841202 
5.69 -0.109678 -0.062651 -0.0826417 
5.7 -0.107699 -0.0614437 -0.0810823 
5.71 -0.105612 -0.0601775 -0.0794434 
5.72 -0.10342 -0.0588535 -0.0777267 
5.73 -0.101125 -0.0574732 -0.0759339 
5.74 -0.0987278 -0.056038 -0.0740666 
5.75 -0.0962321 -0.0545493 -0.0721268 
5.76 -0.0936397 -0.0530086 -0.0701163 
5.77 -0.090953 -0.0514175 -0.0680371 
5.78 -0.0881745 -0.0497775 -0.0658912 
5.79 -0.085307 -0.0480904 -0.0636807 
5.8 -0.0823531 -0.0463579 -0.0614078 
5.81 -0.0793156 -0.0445816 -0.0590748 
5.82 -0.0761974 -0.0427634 -0.0566838 
5.83 -0.0730015 -0.0409051 -0.0542372 
5.84 -0.0697309 -0.0390085 -0.0517375 
5.85 -0.0663887 -0.0370755 -0.0491871 
5.86 -0.0629782 -0.0351081 -0.0465885 
5.87 -0.0595027 -0.0331083 -0.0439441 
5.88 -0.0559653 -0.031078 -0.0412567 
5.89 -0.0523697 -0.0290191 -0.0385289 
5.9 -0.0487191 -0.0269339 -0.0357632 
5.91 -0.0450173 -0.0248244 -0.0329625 
5.92 -0.0412676 -0.0226925 -0.0301295 
5.93 -0.0374738 -0.0205405 -0.0272669 
5.94 -0.0336395 -0.0183705 -0.0243776 
5.95 -0.0297685 -0.0161847 -0.0214644 
5.96 -0.0258645 -0.0139851 -0.0185301 
5.97 -0.0219312 -0.0117739 -0.0155777 
5.98 -0.0179727 -0.00955341 -0.01261 
5.99 -0.0139925 -0.00732571 -0.00962989 
6 -0.00999481 -0.00509301 -0.00664036 
6.01 -0.00598335 -0.00285751 -0.00364432 
6.02 -0.00196208 -0.000621395 -0.000644701 
6.03 0.00206506 0.00161313 0.00235555 
6.04 0.00609412 0.00384389 0.00535349 
6.05 0.0101212 0.0060687 0.00834617 
6.06 0.0141422 0.00828538 0.0113307 
6.07 0.0181533 0.0104918 0.0143041 
6.08 0.0221506 0.0126857 0.0172634 
6.09 0.02613 0.0148651 0.0202059 
6.1 0.0300878 0.0170277 0.0231285 
6.11 0.0340198 0.0191716 0.0260284 
6.12 0.0379224 0.0212945 0.0289028 
6.13 0.0417916 0.0233945 0.0317489 
6.14 0.0456237 0.0254696 0.0345638 
6.15 0.0494147 0.0275176 0.0373449 
6.16 0.053161 0.0295367 0.0400893 
6.17 0.0568588 0.0315248 0.0427944 
6.18 0.0605045 0.0334801 0.0454576 
6.19 0.0640945 0.0354007 0.0480761 
6.2 0.0676251 0.0372847 0.0506476 
6.21 0.0710929 0.0391304 0.0531694 
6.22 0.0744944 0.0409359 0.0556391 
6.23 0.0778263 0.0426995 0.0580542 
6.24 0.0810851 0.0444196 0.0604125 
6.25 0.0842677 0.0460944 0.0627115 
6.26 0.0873708 0.0477225 0.0649491 
6.27 0.0903913 0.0493022 0.067123 
6.28 0.0933262 0.0508321 0.0692311 
6.29 0.0961726 0.0523106 0.0712714 
6.3 0.0989275 0.0537365 0.0732418 
6.31 0.101588 0.0551084 0.0751405 
6.32 0.104152 0.0564249 0.0769655 
6.33 0.106617 0.0576849 0.0787152 
6.34 0.108979 0.0588871 0.0803877 
6.35 0.111237 0.0600305 0.0819814 
6.36 0.113388 0.061114 0.0834949 
6.37 0.115431 0.0621365 0.0849265 
6.38 0.117362 0.0630972 0.086275 
6.39 0.11918 0.0639951 0.0875389 
6.4 0.120884 0.0648295 0.0887171 
6.41 0.122471 0.0655996 0.0898084 
6.42 0.123939 0.0663047 0.0908118 
6.43 0.125288 0.0669442 0.0917262 
6.44 0.126516 0.0675175 0.0925508 
6.45 0.127621 0.0680241 0.0932847 
6.46 0.128602 0.0684636 0.0939272 
6.47 0.129458 0.0688356 0.0944778 
6.48 0.130188 0.0691399 0.0949359 
6.49 0.130792 0.0693761 0.095301 
6.5 0.131269 0.0695442 0.0955727 
6.51 0.131617 0.069644 0.0957509 
6.52 0.131837 0.0696756 0.0958353 
6.53 0.131929 0.0696388 0.0958259 
6.54 0.131891 0.0695339 0.0957226 
6.55 0.131725 0.069361 0.0955256 
6.56 0.131429 0.0691204 0.095235 
6.57 0.131004 0.0688123 0.0948512 
6.58 0.130451 0.0684371 0.0943745 
6.59 0.12977 0.0679953 0.0938054 
6.6 0.128961 0.0674873 0.0931444 
6.61 0.128026 0.0669137 0.0923922 
6.62 0.126964 0.0662752 0.0915495 
6.63 0.125776 0.0655724 0.0906171 
6.64 0.124465 0.064806 0.089596 
6.65 0.123031 0.0639769 0.0884871 
6.66 0.121474 0.063086 0.0872916 
6.67 0.119798 0.0621342 0.0860105 
6.68 0.118002 0.0611224 0.0846452 
6.69 0.11609 0.0600518 0.083197 
6.7 0.114061 0.0589234 0.0816673 
6.71 0.111919 0.0577384 0.0800576 
6.72 0.109666 0.0564979 0.0783694 
6.73 0.107303 0.0552034 0.0766045 
6.74 0.104832 0.0538561 0.0747645 
6.75 0.102257 0.0524573 0.0728512 
6.76 0.0995787 0.0510085 0.0708666 
6.77 0.0968005 0.0495111 0.0688125 
6.78 0.0939246 0.0479667 0.066691 
6.79 0.090954 0.0463769 0.0645041 
6.8 0.0878914 0.0447431 0.062254 
6.81 0.0847396 0.0430672 0.0599429 
6.82 0.0815018 0.0413506 0.057573 
6.83 0.0781809 0.0395953 0.0551467 
6.84 0.0747801 0.0378028 0.0526663 
6.85 0.0713028 0.0359751 0.0501343 
6.86 0.0677521 0.0341139 0.0475532 
6.87 0.0641316 0.0322211 0.0449254 
6.88 0.0604446 0.0302986 0.0422536 
6.89 0.0566948 0.0283483 0.0395404 
6.9 0.0528857 0.0263721 0.0367884 
6.91 0.049021 0.024372 0.0340003 
6.92 0.0451045 0.02235 0.0311789 
6.93 0.0411399 0.0203081 0.0283269 
6.94 0.0371311 0.0182482 0.0254471 
6.95 0.0330819 0.0161725 0.0225424 
6.96 0.0289963 0.014083 0.0196156 
6.97 0.0248782 0.0119818 0.0166695 
6.98 0.0207317 0.00987082 0.0137071 
6.99 0.0165608 0.00775227 0.0107312 
7 0.0123696 0.00562819 0.00774484 
7.01 0.00816215 0.00350068 0.00475086 
7.02 0.00394254 0.00137183 0.00175222 
7.03 -0.000285073 -0.000756286 -0.00124813 
7.04 -0.00451655 -0.00288157 -0.00424727 
7.05 -0.00874776 -0.00500195 -0.00724224 
7.06 -0.0129745 -0.00711535 -0.0102301 
7.07 -0.0171927 -0.00921971 -0.0132079 
7.08 -0.0213982 -0.011313 -0.0161728 
7.09 -0.0255868 -0.0133931 -0.0191218 
7.1 -0.0297544 -0.015458 -0.0220521 
7.11 -0.0338969 -0.0175058 -0.0249607 
7.12 -0.0380102 -0.0195344 -0.0278449 
7.13 -0.0420903 -0.0215419 -0.0307017 
7.14 -0.0461331 -0.0235263 -0.0335285 
7.15 -0.0501346 -0.0254858 -0.0363224 
7.16 -0.0540909 -0.0274183 -0.0390806 
7.17 -0.057998 -0.029322 -0.0418006 
7.18 -0.0618521 -0.0311952 -0.0444795 
7.19 -0.0656493 -0.033036 -0.0471149 
7.2 -0.0693859 -0.0348425 -0.049704 
7.21 -0.0730581 -0.0366132 -0.0522444 
7.22 -0.0766623 -0.0383463 -0.0547337 
7.23 -0.0801949 -0.0400401 -0.0571692 
7.24 -0.0836524 -0.041693 -0.0595487 
7.25 -0.0870313 -0.0433034 -0.0618699 
7.26 -0.0903282 -0.0448699 -0.0641304 
7.27 -0.0935399 -0.0463908 -0.066328 
7.28 -0.096663 -0.0478648 -0.0684607 
7.29 -0.0996945 -0.0492905 -0.0705262 
7.3 -0.102631 -0.0506665 -0.0725227 
7.31 -0.105471 -0.0519915 -0.0744481 
7.32 -0.108209 -0.0532643 -0.0763005 
7.33 -0.110845 -0.0544837 -0.0780782 
7.34 -0.113374 -0.0556485 -0.0797794 
7.35 -0.115795 -0.0567576 -0.0814024 
7.36 -0.118105 -0.0578101 -0.0829456 
7.37 -0.120302 -0.0588049 -0.0844077 
7.38 -0.122383 -0.0597411 -0.085787 
7.39 -0.124346 -0.060618 -0.0870823 
7.4 -0.12619 -0.0614345 -0.0882923 
7.41 -0.127912 -0.0621902 -0.0894158 
7.42 -0.12951 -0.0628841 -0.0904517 
7.43 -0.130983 -0.0635158 -0.0913991 
7.44 -0.13233 -0.0640847 -0.0922569 
7.45 -0.133548 -0.0645903 -0.0930244 
7.46 -0.134637 -0.0650321 -0.0937007 
7.47 -0.135596 -0.0654097 -0.0942853 
7.48 -0.136423 -0.065723 -0.0947776 
7.49 -0.137117 -0.0659716 -0.0951771 
7.5 -0.137677 -0.0661553 -0.0954833 
7.51 -0.138104 -0.0662741 -0.0956961 
7.52 -0.138396 -0.0663278 -0.0958151 
7.53 -0.138553 -0.0663166 -0.0958403 
7.54 -0.138575 -0.0662404 -0.0957717 
7.55 -0.138461 -0.0660994 -0.0956092 
7.56 -0.138211 -0.0658938 -0.0953532 
7.57 -0.137826 -0.0656239 -0.0950037 
7.58 -0.137306 -0.06529 -0.0945613 
7.59 -0.136652 -0.0648924 -0.0940262 
7.6 -0.135863 -0.0644317 -0.093399 
7.61 -0.13494 -0.0639084 -0.0926804 
7.62 -0.133885 -0.0633229 -0.091871 
7.63 -0.132697 -0.0626761 -0.0909717 
7.64 -0.131379 -0.0619684 -0.0899832 
7.65 -0.12993 -0.0612008 -0.0889066 
7.66 -0.128354 -0.060374 -0.0877429 
7.67 -0.12665 -0.0594888 -0.0864933 
7.68 -0.12482 -0.0585463 -0.0851589 
7.69 -0.122867 -0.0575473 -0.0837412 
7.7 -0.120792 -0.056493 -0.0822414 
7.71 -0.118596 -0.0553843 -0.080661 
7.72 -0.116282 -0.0542225 -0.0790016 
7.73 -0.113852 -0.0530087 -0.0772648 
7.74 -0.111308 -0.0517441 -0.0754523 
7.75 -0.108653 -0.0504301 -0.0735659 
7.76 -0.105889 -0.049068 -0.0716074 
7.77 -0.103018 -0.0476592 -0.0695787 
7.78 -0.100044 -0.046205 -0.0674818 
7.79 -0.0969688 -0.044707 -0.0653188 
7.8 -0.0937957 -0.0431667 -0.0630918 
7.81 -0.0905276 -0.0415856 -0.060803 
7.82 -0.0871676 -0.0399653 -0.0584545 
7.83 -0.0837189 -0.0383074 -0.0560488 
7.84 -0.0801849 -0.0366136 -0.0535881 
7.85 -0.0765688 -0.0348856 -0.0510749 
7.86 -0.0728741 -0.0331251 -0.0485116 
7.87 -0.0691044 -0.0313338 -0.0459007 
7.88 -0.0652632 -0.0295137 -0.0432449 
7.89 -0.0613543 -0.0276663 -0.0405466 
7.9 -0.0573815 -0.0257937 -0.0378086 
7.91 -0.0533484 -0.0238977 -0.0350335 
7.92 -0.0492592 -0.02198 -0.0322241 
7.93 -0.0451176 -0.0200428 -0.0293831 
7.94 -0.0409277 -0.0180877 -0.0265132 
7.95 -0.0366936 -0.0161169 -0.0236174 
7.96 -0.0324193 -0.0141322 -0.0206984 
7.97 -0.028109 -0.0121356 -0.0177591 
7.98 -0.023767 -0.0101291 -0.0148024 
7.99 -0.0193974 -0.00811455 -0.0118311 
8 -0.0150044 -0.00609408 -0.00884829 
8.01 -0.0105924 -0.00406961 -0.00585677 
8.02 -0.00616575 -0.00204313 -0.00285951 
8.03 -0.00172867 -1.66399e-05 0.000140554 
8.04 0.00271445 0.00200788 0.00314048 
8.05 0.00715928 0.00402845 0.00613733 
8.06 0.0116014 0.00604309 0.00912816 
8.07 0.0160366 0.00804984 0.01211 
8.08 0.0204603 0.0100467 0.01508 
8.09 0.0248684 0.0120318 0.0180352 
8.1 0.0292563 0.0140032 0.0209728 
8.11 0.0336199 0.0159589 0.0238897 
8.12 0.0379547 0.017897 0.0267833 
8.13 0.0422566 0.0198157 0.0296505 
8.14 0.0465213 0.0217131 0.0324887 
8.15 0.0507445 0.0235874 0.035295 
8.16 0.0549221 0.0254367 0.0380668 
8.17 0.05905 0.0272592 0.0408011 
8.18 0.063124 0.0290533 0.0434955 
8.19 0.0671401 0.0308172 0.0461473 
8.2 0.0710943 0.0325491 0.0487538 
8.21 0.0749827 0.0342474 0.0513125 
8.22 0.0788014 0.0359105 0.0538209 
8.23 0.0825466 0.0375369 0.0562765 
8.24 0.0862146 0.0391248 0.058677 
8.25 0.0898017 0.0406728 0.06102 
8.26 0.0933044 0.0421795 0.0633031 
8.27 0.0967191 0.0436434 0.0655242 
8.28 0.100042 0.045063 0.0676811 
8.29 0.103271 0.0464372 0.0697717 
8.3 0.106401 0.0477645 0.0717939 
8.31 0.109431 0.0490437 0.0737457 
8.32 0.112356 0.0502736 0.0756253 
8.33 0.115174 0.0514531 0.0774308 
8.34 0.117882 0.052581 0.0791604 
8.35 0.120478 0.0536563 0.0808125 
8.36 0.122958 0.0546779 0.0823853 
8.37 0.12532 0.0556451 0.0838775 
8.38 0.127562 0.0565567 0.0852875 
8.39 0.129681 0.0574121 0.086614 
8.4 0.131675 0.0582104 0.0878556 
8.41 0.133543 0.0589509 0.0890112 
8.42 0.135281 0.059633 0.0900796 
8.43 0.136889 0.0602559 0.0910597 
8.44 0.138365 0.0608193 0.0919507 
8.45 0.139707 0.0613225 0.0927516 
8.46 0.140914 0.0617651 0.0934617 
8.47 0.141984 0.0621469 0.0940802 
8.48 0.142916 0.0624674 0.0946067 
8.49 0.143709 0.0627264 0.0950404 
8.5 0.144363 0.0629237 0.0953811 
8.51 0.144876 0.0630592 0.0956284 
8.52 0.145248 0.0631328 0.0957821 
8.53 0.145479 0.0631445 0.0958419 
8.54 0.145567 0.0630944 0.0958079 
8.55 0.145513 0.0629825 0.0956801 
8.56 0.145317 0.062809 0.0954586 
8.57 0.144979 0.0625742 0.0951436 
8.58 0.144499 0.0622783 0.0947354 
8.59 0.143877 0.0619217 0.0942345 
8.6 0.143113 0.0615048 0.0936412 
8.61 0.142209 0.0610281 0.0929563 
8.62 0.141165 0.0604921 0.0921803 
8.63 0.139982 0.0598974 0.0913141 
8.64 0.138661 0.0592445 0.0903584 
8.65 0.137204 0.0585343 0.0893142 
8.66 0.13561 0.0577675 0.0881826 
8.67 0.133882 0.0569448 0.0869645 
8.68 0.132022 0.0560671 0.0856613 
8.69 0.130031 0.0551354 0.0842742 
8.7 0.127911 0.0541506 0.0828045 
8.71 0.125663 0.0531137 0.0812537 
8.72 0.12329 0.0520258 0.0796233 
8.73 0.120795 0.050888 0.0779149 
8.74 0.118179 0.0497014 0.0761301 
8.75 0.115444 0.0484673 0.0742708 
8.76 0.112594 0.047187 0.0723386 
8.77 0.109631 0.0458617 0.0703356 
8.78 0.106557 0.0444927 0.0682637 
8.79 0.103377 0.0430815 0.0661249 
8.8 0.100092 0.0416295 0.0639212 
8.81 0.0967055 0.0401381 0.0616549 
8.82 0.0932212 0.0386088 0.0593282 
8.83 0.0896422 0.0370432 0.0569434 
8.84 0.0859718 0.0354429 0.0545027 
8.85 0.0822137 0.0338094 0.0520086 
8.86 0.0783713 0.0321443 0.0494635 
8.87 0.0744483 0.0304494 0.0468699 
8.88 0.0704486 0.0287263 0.0442303 
8.89 0.0663759 0.0269768 0.0415474 
8.9 0.0622341 0.0252025 0.0388238 
8.91 0.0580273 0.0234053 0.0360621 
8.92 0.0537594 0.0215869 0.033265 
8.93 0.0494347 0.0197491 0.0304353 
8.94 0.0450572 0.0178938 0.0275758 
8.95 0.0406313 0.0160227 0.0246892 
8.96 0.0361612 0.0141378 0.0217784 
8.97 0.0316512 0.0122409 0.0188463 
8.98 0.0271058 0.0103338 0.0158957 
8.99 0.0225293 0.0084185 0.0129295 
9 0.0179263 0.00649681 0.00995056 
9.01 0.0133011 0.00457063 0.0069619 
9.02 0.00865837 0.00264186 0.00396642 
9.03 0.00400257 0.000712398 0.000967044 
9.04 -0.000661715 -0.00121588 -0.00203328 
9.05 -0.00532993 -0.00314107 -0.0050316 
9.06 -0.00999749 -0.00506129 -0.008025 
9.07 -0.0146598 -0.00697468 -0.0110105 
9.08 -0.0193124 -0.00887935 -0.0139852 
9.09 -0.0239505 -0.0107735 -0.0169463 
9.1 -0.0285697 -0.0126552 -0.0198906 
9.11 -0.0331654 -0.0145226 -0.0228155 
9.12 -0.0377331 -0.016374 -0.025718 
9.13 -0.0422683 -0.0182075 -0.0285953 
9.14 -0.0467664 -0.0200214 -0.0314446 
9.15 -0.0512231 -0.0218139 -0.034263 
9.16 -0.0556339 -0.0235832 -0.0370478 
9.17 -0.0599946 -0.0253277 -0.0397963 
9.18 -0.0643006 -0.0270457 -0.0425057 
9.19 -0.0685479 -0.0287355 -0.0451735 
9.2 -0.0727321 -0.0303955 -0.047797 
9.21 -0.0768491 -0.0320241 -0.0503737 
9.22 -0.0808948 -0.0336197 -0.0529009 
9.23 -0.0848652 -0.0351807 -0.0553763 
9.24 -0.0887563 -0.0367058 -0.0577975 
9.25 -0.0925643 -0.0381935 -0.0601619 
9.26 -0.0962854 -0.0396422 -0.0624674 
9.27 -0.0999157 -0.0410507 -0.0647117 
9.28 -0.103452 -0.0424176 -0.0668925 
9.29 -0.10689 -0.0437416 -0.0690078 
9.3 -0.110227 -0.0450214 -0.0710555 
9.31 -0.113459 -0.0462559 -0.0730335 
9.32 -0.116583 -0.0474439 -0.07494 
9.33 -0.119597 -0.0485842 -0.076773 
9.34 -0.122496 -0.0496758 -0.0785309 
9.35 -0.125278 -0.0507177 -0.0802117 
9.36 -0.12794 -0.0517089 -0.081814 
9.37 -0.13048 -0.0526484 -0.0833362 
9.38 -0.132894 -0.0535355 -0.0847767 
9.39 -0.135181 -0.0543692 -0.0861341 
9.4 -0.137338 -0.0551489 -0.0874072 
9.41 -0.139363 -0.0558738 -0.0885947 
9.42 -0.141253 -0.0565432 -0.0896954 
9.43 -0.143007 -0.0571566 -0.0907082 
9.44 -0.144623 -0.0577134 -0.0916322 
9.45 -0.146099 -0.0582132 -0.0924665 
9.46 -0.147434 -0.0586554 -0.0932102 
9.47 -0.148626 -0.0590398 -0.0938626 
9.48 -0.149674 -0.0593659 -0.0944231 
9.49 -0.150576 -0.0596336 -0.0948911 
9.5 -0.151333 -0.0598426 -0.0952662 
9.51 -0.151942 -0.0599928 -0.095548 
9.52 -0.152403 -0.0600841 -0.0957363 
9.53 -0.152716 -0.0601164 -0.0958308 
9.54 -0.15288 -0.0600899 -0.0958314 
9.55 -0.152894 -0.0600045 -0.0957382 
9.56 -0.152759 -0.0598604 -0.0955513 
9.57 -0.152475 -0.0596578 -0.0952707 
9.58 -0.152042 -0.059397 -0.0948969 
9.59 -0.151459 -0.0590783 -0.0944302 
9.6 -0.150728 -0.058702 -0.0938709 
9.61 -0.149849 -0.0582686 -0.0932198 
9.62 -0.148823 -0.0577786 -0.0924773 
9.63 -0.14765 -0.0572324 -0.0916443 
9.64 -0.146332 -0.0566307 -0.0907215 
9.65 -0.144869 -0.0559741 -0.0897099 
9.66 -0.143263 -0.0552633 -0.0886104 
9.67 -0.141516 -0.0544991 -0.0874241 
9.68 -0.139629 -0.0536823 -0.0861522 
9.69 -0.137603 -0.0528137 -0.0847959 
9.7 -0.135441 -0.0518942 -0.0833565 
9.71 -0.133144 -0.0509247 -0.0818355 
9.72 -0.130715 -0.0499063 -0.0802343 
9.73 -0.128156 -0.04884 -0.0785545 
9.74 -0.125468 -0.047727 -0.0767977 
9.75 -0.122655 -0.0465682 -0.0749657 
9.76 -0.11972 -0.045365 -0.0730602 
9.77 -0.116665 -0.0441185 -0.0710832 
9.78 -0.113492 -0.04283 -0.0690364 
9.79 -0.110205 -0.0415008 -0.0669221 
9.8 -0.106807 -0.0401322 -0.0647421 
9.81 -0.103301 -0.0387257 -0.0624987 
9.82 -0.0996908 -0.0372826 -0.060194 
9.83 -0.0959793 -0.0358043 -0.0578304 
9.84 -0.0921701 -0.0342925 -0.05541 
9.85 -0.0882669 -0.0327485 -0.0529353 
9.86 -0.0842734 -0.0311739 -0.0504088 
9.87 -0.0801934 -0.0295704 -0.0478328 
9.88 -0.0760308 -0.0279394 -0.0452099 
9.89 -0.0717897 -0.0262827 -0.0425427 
9.9 -0.067474 -0.0246018 -0.0398338 
9.91 -0.063088 -0.0228984 -0.0370858 
9.92 -0.0586358 -0.0211743 -0.0343015 
9.93 -0.0541218 -0.0194311 -0.0314835 
9.94 -0.0495503 -0.0176706 -0.0286347 
9.95 -0.0449257 -0.0158945 -0.0257578 
9.96 -0.0402526 -0.0141046 -0.0228556 
9.97 -0.0355354 -0.0123026 -0.019931 
9.98 -0.0307787 -0.0104903 -0.0169868 
9.99 -0.0259871 -0.00866952 -0.014026 
