0 10 10 10 10 
0.01 10.0995 10.1 10.1 10.1 
0.02 10.198 10.199 10.199 10.199 
0.03 10.2955 10.297 10.2969 10.297 
0.04 10.3919 10.394 10.3938 10.3939 
0.05 10.4873 10.4899 10.4897 10.4898 
0.06 10.5816 10.5848 10.5845 10.5847 
0.07 10.6749 10.6787 10.6782 10.6784 
0.08 10.7672 10.7714 10.7709 10.7712 
0.09 10.8583 10.8632 10.8625 10.8628 
0.1 10.9484 10.9538 10.953 10.9534 
0.11 11.0373 11.0434 11.0423 11.0429 
0.12 11.1252 11.1319 11.1306 11.1312 
0.13 11.212 11.2192 11.2177 11.2185 
0.14 11.2976 11.3055 11.3037 11.3046 
0.15 11.3821 11.3906 11.3886 11.3896 
0.16 11.4655 11.4746 11.4723 11.4734 
0.17 11.5477 11.5574 11.5549 11.5562 
0.18 11.6287 11.6392 11.6363 11.6377 
0.19 11.7086 11.7197 11.7165 11.7181 
0.2 11.7874 11.7991 11.7956 11.7973 
0.21 11.8649 11.8773 11.8734 11.8754 
0.22 11.9413 11.9544 11.9501 11.9522 
0.23 12.0164 12.0302 12.0256 12.0279 
0.24 12.0904 12.1049 12.0998 12.1023 
0.25 12.1632 12.1783 12.1729 12.1756 
0.26 12.2347 12.2506 12.2447 12.2476 
0.27 12.305 12.3216 12.3153 12.3184 
0.28 12.3741 12.3914 12.3846 12.388 
0.29 12.442 12.4599 12.4527 12.4563 
0.3 12.5086 12.5273 12.5196 12.5234 
0.31 12.5739 12.5934 12.5851 12.5892 
0.32 12.638 12.6582 12.6495 12.6538 
0.33 12.7009 12.7218 12.7125 12.7171 
0.34 12.7624 12.7841 12.7743 12.7792 
0.35 12.8227 12.8451 12.8348 12.8399 
0.36 12.8817 12.9048 12.894 12.8994 
0.37 12.9394 12.9633 12.9519 12.9576 
0.38 12.9959 13.0205 13.0085 13.0145 
0.39 13.051 13.0764 13.0638 13.0701 
0.4 13.1048 13.131 13.1178 13.1243 
0.41 13.1573 13.1842 13.1705 13.1773 
0.42 13.2085 13.2362 13.2218 13.229 
0.43 13.2584 13.2868 13.2718 13.2793 
0.44 13.3069 13.3361 13.3205 13.3283 
0.45 13.3541 13.3841 13.3679 13.376 
0.46 13.4 13.4308 13.4139 13.4223 
0.47 13.4445 13.4761 13.4586 13.4673 
0.48 13.4877 13.5201 13.5019 13.5109 
0.49 13.5296 13.5627 13.5438 13.5532 
0.5 13.5701 13.604 13.5844 13.5942 
0.51 13.6092 13.6439 13.6237 13.6337 
0.52 13.647 13.6825 13.6615 13.6719 
0.53 13.6834 13.7196 13.6981 13.7088 
0.54 13.7184 13.7555 13.7332 13.7443 
0.55 13.7521 13.7899 13.7669 13.7784 
0.56 13.7844 13.823 13.7993 13.8111 
0.57 13.8153 13.8547 13.8303 13.8424 
0.58 13.8449 13.885 13.8599 13.8724 
0.59 13.873 13.9139 13.8881 13.901 
0.6 13.8998 13.9415 13.915 13.9281 
0.61 13.9252 13.9676 13.9404 13.9539 
0.62 13.9491 13.9924 13.9644 13.9783 
0.63 13.9717 14.0158 13.9871 14.0013 
0.64 13.9929 14.0377 14.0083 14.0229 
0.65 14.0127 14.0583 14.0281 14.0431 
0.66 14.0311 14.0774 14.0465 14.0619 
0.67 14.0481 14.0952 14.0636 14.0793 
0.68 14.0637 14.1115 14.0792 14.0952 
0.69 14.0778 14.1265 14.0934 14.1098 
0.7 14.0906 14.14 14.1062 14.123 
0.71 14.102 14.1521 14.1176 14.1347 
0.72 14.1119 14.1628 14.1275 14.145 
0.73 14.1204 14.1721 14.1361 14.1539 
0.74 14.1276 14.1799 14.1432 14.1614 
0.75 14.1333 14.1864 14.149 14.1675 
0.76 14.1376 14.1914 14.1533 14.1722 
0.77 14.1405 14.195 14.1562 14.1754 
0.78 14.1419 14.1972 14.1576 14.1773 
0.79 14.142 14.198 14.1577 14.1777 
0.8 14.1406 14.1973 14.1563 14.1767 
0.81 14.1379 14.1952 14.1536 14.1743 
0.82 14.1337 14.1917 14.1494 14.1704 
0.83 14.1281 14.1868 14.1438 14.1652 
0.84 14.1211 14.1805 14.1368 14.1585 
0.85 14.1126 14.1728 14.1284 14.1504 
0.86 14.1028 14.1636 14.1185 14.1409 
0.87 14.0916 14.153 14.1073 14.13 
0.88 14.0789 14.141 14.0946 14.1176 
0.89 14.0648 14.1276 14.0806 14.1039 
0.9 14.0494 14.1128 14.0651 14.0887 
0.91 14.0325 14.0965 14.0482 14.0722 
0.92 14.0142 14.0789 14.0299 14.0542 
0.93 13.9945 14.0598 14.0103 14.0348 
0.94 13.9735 14.0394 13.9892 14.0141 
0.95 13.951 14.0175 13.9667 13.9919 
0.96 13.9271 13.9942 13.9428 13.9683 
0.97 13.9019 13.9695 13.9176 13.9433 
0.98 13.8752 13.9434 13.8909 13.917 
0.99 13.8472 13.916 13.8629 13.8892 
1 13.8177 13.8871 13.8335 13.86 
1.01 13.7869 13.8568 13.8027 13.8295 
1.02 13.7547 13.8252 13.7705 13.7976 
1.03 13.7212 13.7921 13.737 13.7643 
1.04 13.6862 13.7577 13.702 13.7296 
1.05 13.6499 13.7219 13.6657 13.6936 
1.06 13.6123 13.6847 13.6281 13.6561 
1.07 13.5732 13.6462 13.5891 13.6174 
1.08 13.5329 13.6063 13.5487 13.5772 
1.09 13.4911 13.565 13.507 13.5357 
1.1 13.448 13.5224 13.464 13.4929 
1.11 13.4036 13.4784 13.4196 13.4487 
1.12 13.3578 13.433 13.3738 13.4031 
1.13 13.3107 13.3863 13.3267 13.3562 
1.14 13.2623 13.3383 13.2783 13.308 
1.15 13.2125 13.2889 13.2286 13.2584 
1.16 13.1614 13.2382 13.1776 13.2075 
1.17 13.109 13.1861 13.1252 13.1553 
1.18 13.0553 13.1328 13.0716 13.1018 
1.19 13.0003 13.0781 13.0166 13.047 
1.2 12.944 13.0221 12.9603 12.9909 
1.21 12.8864 12.9648 12.9028 12.9334 
1.22 12.8275 12.9062 12.844 12.8747 
1.23 12.7673 12.8463 12.7838 12.8147 
1.24 12.7058 12.7851 12.7225 12.7534 
1.25 12.6431 12.7226 12.6598 12.6908 
1.26 12.5791 12.6588 12.5959 12.627 
1.27 12.5138 12.5938 12.5307 12.5619 
1.28 12.4473 12.5275 12.4643 12.4955 
1.29 12.3796 12.46 12.3967 12.4279 
1.3 12.3106 12.3911 12.3278 12.3591 
1.31 12.2403 12.3211 12.2577 12.289 
1.32 12.1689 12.2498 12.1864 12.2177 
1.33 12.0962 12.1773 12.1138 12.1451 
1.34 12.0224 12.1035 12.0401 12.0714 
1.35 11.9473 12.0286 11.9652 11.9964 
1.36 11.871 11.9524 11.889 11.9203 
1.37 11.7936 11.875 11.8117 11.8429 
1.38 11.7149 11.7964 11.7332 11.7644 
1.39 11.6351 11.7167 11.6536 11.6847 
1.4 11.5542 11.6357 11.5728 11.6038 
1.41 11.472 11.5536 11.4908 11.5217 
1.42 11.3888 11.4703 11.4077 11.4386 
1.43 11.3044 11.3859 11.3235 11.3542 
1.44 11.2188 11.3003 11.2382 11.2687 
1.45 11.1322 11.2136 11.1517 11.1821 
1.46 11.0444 11.1257 11.0641 11.0944 
1.47 10.9555 11.0368 10.9755 11.0056 
1.48 10.8655 10.9467 10.8857 10.9157 
1.49 10.7745 10.8555 10.7949 10.8247 
1.5 10.6823 10.7632 10.703 10.7326 
1.51 10.5891 10.6698 10.61 10.6394 
1.52 10.4948 10.5754 10.516 10.5452 
1.53 10.3995 10.4799 10.4209 10.4499 
1.54 10.3032 10.3833 10.3248 10.3535 
1.55 10.2058 10.2857 10.2277 10.2562 
1.56 10.1074 10.187 10.1296 10.1578 
1.57 10.008 10.0874 10.0304 10.0583 
1.58 9.90754 9.98665 9.93031 9.95792 
1.59 9.80613 9.88494 9.8292 9.85651 
1.6 9.70374 9.78223 9.72712 9.75411 
1.61 9.60038 9.67853 9.62408 9.65073 
1.62 9.49606 9.57386 9.52008 9.54639 
1.63 9.39079 9.46821 9.41514 9.44109 
1.64 9.28458 9.36161 9.30928 9.33485 
1.65 9.17744 9.25406 9.20249 9.22768 
1.66 9.06939 9.14558 9.09479 9.11959 
1.67 8.96042 9.03617 8.98619 9.01058 
1.68 8.85056 8.92584 8.87671 8.90067 
1.69 8.73982 8.81461 8.76635 8.78987 
1.7 8.6282 8.70249 8.65512 8.67819 
1.71 8.51572 8.58949 8.54304 8.56565 
1.72 8.40239 8.47562 8.43011 8.45225 
1.73 8.28822 8.36089 8.31636 8.338 
1.74 8.17322 8.24531 8.20178 8.22292 
1.75 8.0574 8.12889 8.0864 8.10701 
1.76 7.94077 8.01165 7.97022 7.9903 
1.77 7.82336 7.8936 7.85325 7.87279 
1.78 7.70516 7.77474 7.73551 7.75449 
1.79 7.58619 7.6551 7.61701 7.63541 
1.8 7.46646 7.53468 7.49775 7.51557 
1.81 7.34598 7.41349 7.37777 7.39498 
1.82 7.22477 7.29155 7.25705 7.27365 
1.83 7.10283 7.16887 7.13562 7.15159 
1.84 6.98019 7.04546 7.01349 7.02882 
1.85 6.85685 6.92134 6.89067 6.90534 
1.86 6.73282 6.7965 6.76718 6.78118 
1.87 6.60812 6.67098 6.64302 6.65633 
1.88 6.48276 6.54478 6.5182 6.53082 
1.89 6.35675 6.41791 6.39275 6.40466 
1.9 6.23011 6.29038 6.26667 6.27786 
1.91 6.10284 6.16222 6.13998 6.15043 
1.92 5.97496 6.03342 6.01269 6.02238 
1.93 5.84648 5.90401 5.88481 5.89373 
1.94 5.71742 5.77399 5.75635 5.76449 
1.95 5.58779 5.64339 5.62733 5.63468 
1.96 5.4576 5.5122 5.49776 5.5043 
1.97 5.32686 5.38046 5.36765 5.37337 
1.98 5.19559 5.24816 5.23702 5.24191 
1.99 5.0638 5.11532 5.10588 5.10992 
2 4.93151 4.98196 4.97424 4.97742 
2.01 4.79872 4.84809 4.84212 4.84442 
2.02 4.66545 4.71371 4.70953 4.71094 
2.03 4.53171 4.57886 4.57647 4.57698 
2.04 4.39752 4.44353 4.44298 4.44257 
2.05 4.2629 4.30774 4.30905 4.30772 
2.06 4.12784 4.17152 4.17471 4.17243 
2.07 3.99238 4.03485 4.03996 4.03673 
2.08 3.85651 3.89778 3.90482 3.90062 
2.09 3.72026 3.7603 3.76931 3.76412 
2.1 3.58363 3.62242 3.63343 3.62725 
2.11 3.44665 3.48418 3.4972 3.49001 
2.12 3.30932 3.34557 3.36063 3.35243 
2.13 3.17167 3.20661 3.22375 3.21451 
2.14 3.03369 3.06732 3.08655 3.07626 
2.15 2.89541 2.92771 2.94906 2.93771 
2.16 2.75684 2.78779 2.81129 2.79887 
2.17 2.618 2.64757 2.67325 2.65975 
2.18 2.47889 2.50708 2.53496 2.52036 
2.19 2.33954 2.36633 2.39643 2.38072 
2.2 2.19995 2.22532 2.25767 2.24084 
2.21 2.06015 2.08408 2.1187 2.10073 
2.22 1.92013 1.94261 1.97953 1.96042 
2.23 1.77993 1.80094 1.84018 1.81991 
2.24 1.63954 1.65907 1.70066 1.67922 
2.25 1.499 1.51702 1.56098 1.53836 
2.26 1.3583 1.37481 1.42116 1.39734 
2.27 1.21747 1.23244 1.28121 1.25619 
2.28 1.07651 1.08994 1.14115 1.11491 
2.29 0.935448 0.947309 1.00099 0.973522 
2.3 0.794292 0.804573 0.860741 0.832035 
2.31 0.653056 0.661743 0.72042 0.690464 
2.32 0.511756 0.518832 0.580042 0.548824 
2.33 0.370404 0.375855 0.43962 0.407129 
2.34 0.229015 0.232826 0.299167 0.265394 
2.35 0.0876028 0.0897589 0.158699 0.123632 
2.36 -0.0538179 -0.053331 0.0182293 -0.0181424 
2.37 -0.195233 -0.19643 -0.122228 -0.159915 
2.38 -0.336629 -0.339524 -0.26266 -0.301672 
2.39 -0.477991 -0.482598 -0.403051 -0.443398 
2.4 -0.619305 -0.625638 -0.543388 -0.58508 
2.41 -0.760558 -0.768629 -0.683656 -0.726704 
2.42 -0.901734 -0.911558 -0.823842 -0.868254 
2.43 -1.04282 -1.05441 -0.963932 -1.00972 
2.44 -1.1838 -1.19717 -1.10391 -1.15108 
2.45 -1.32467 -1.33983 -1.24377 -1.29233 
2.46 -1.4654 -1.48236 -1.38348 -1.43345 
2.47 -1.60598 -1.62477 -1.52305 -1.57442 
2.48 -1.7464 -1.76702 -1.66244 -1.71524 
2.49 -1.88665 -1.90911 -1.80166 -1.85589 
2.5 -2.02671 -2.05103 -1.94069 -1.99635 
2.51 -2.16657 -2.19275 -2.0795 -2.13661 
2.52 -2.30621 -2.33427 -2.2181 -2.27666 
2.53 -2.44562 -2.47557 -2.35645 -2.41648 
2.54 -2.58479 -2.61663 -2.49456 -2.55606 
2.55 -2.7237 -2.75745 -2.63241 -2.69538 
2.56 -2.86233 -2.89801 -2.76998 -2.83443 
2.57 -3.00068 -3.03829 -2.90726 -2.9732 
2.58 -3.13873 -3.17828 -3.04423 -3.11167 
2.59 -3.27647 -3.31797 -3.18088 -3.24984 
2.6 -3.41387 -3.45734 -3.31721 -3.38767 
2.61 -3.55094 -3.59637 -3.45319 -3.52517 
2.62 -3.68765 -3.73507 -3.58881 -3.66231 
2.63 -3.82399 -3.8734 -3.72405 -3.79909 
2.64 -3.95995 -4.01136 -3.85891 -3.93549 
2.65 -4.09552 -4.14893 -3.99338 -4.0715 
2.66 -4.23067 -4.2861 -4.12743 -4.2071 
2.67 -4.3654 -4.42285 -4.26105 -4.34227 
2.68 -4.4997 -4.55918 -4.39423 -4.47702 
2.69 -4.63354 -4.69507 -4.52696 -4.61131 
2.7 -4.76692 -4.83049 -4.65923 -4.74515 
2.71 -4.89983 -4.96545 -4.79101 -4.87851 
2.72 -5.03224 -5.09993 -4.92231 -5.01138 
2.73 -5.16415 -5.23391 -5.0531 -5.14375 
2.74 -5.29555 -5.36738 -5.18337 -5.27561 
2.75 -5.42641 -5.50032 -5.3131 -5.40694 
2.76 -5.55674 -5.63273 -5.4423 -5.53772 
2.77 -5.6865 -5.76459 -5.57094 -5.66796 
2.78 -5.8157 -5.89589 -5.699 -5.79763 
2.79 -5.94432 -6.02661 -5.82649 -5.92671 
2.8 -6.07234 -6.15674 -5.95338 -6.05521 
2.81 -6.19976 -6.28627 -6.07966 -6.1831 
2.82 -6.32655 -6.41518 -6.20532 -6.31037 
2.83 -6.45272 -6.54346 -6.33035 -6.43701 
2.84 -6.57823 -6.6711 -6.45473 -6.56301 
2.85 -6.70309 -6.79809 -6.57846 -6.68835 
2.86 -6.82728 -6.92441 -6.70151 -6.81302 
2.87 -6.95079 -7.05005 -6.82388 -6.93701 
2.88 -7.0736 -7.175 -6.94556 -7.06031 
2.89 -7.1957 -7.29924 -7.06653 -7.1829 
2.9 -7.31709 -7.42277 -7.18678 -7.30477 
2.91 -7.43774 -7.54556 -7.3063 -7.42591 
2.92 -7.55765 -7.66762 -7.42508 -7.54631 
2.93 -7.6768 -7.78891 -7.54311 -7.66596 
2.94 -7.79519 -7.90945 -7.66037 -7.78484 
2.95 -7.9128 -8.0292 -7.77685 -7.90294 
2.96 -8.02961 -8.14816 -7.89254 -8.02025 
2.97 -8.14562 -8.26632 -8.00743 -8.13675 
2.98 -8.26082 -8.38366 -8.12151 -8.25245 
2.99 -8.37519 -8.50018 -8.23476 -8.36732 
3 -8.48872 -8.61586 -8.34719 -8.48135 
3.01 -8.60141 -8.73069 -8.45876 -8.59453 
3.02 -8.71323 -8.84466 -8.56948 -8.70686 
3.03 -8.82419 -8.95775 -8.67933 -8.81831 
3.04 -8.93426 -9.06996 -8.7883 -8.92888 
3.05 -9.04344 -9.18128 -8.89638 -9.03856 
3.06 -9.15171 -9.29168 -9.00356 -9.14734 
3.07 -9.25907 -9.40117 -9.10983 -9.2552 
3.08 -9.3655 -9.50973 -9.21518 -9.36213 
3.09 -9.471 -9.61735 -9.3196 -9.46813 
3.1 -9.57554 -9.72402 -9.42307 -9.57319 
3.11 -9.67914 -9.82973 -9.52559 -9.67728 
3.12 -9.78176 -9.93446 -9.62715 -9.78041 
3.13 -9.8834 -10.0382 -9.72774 -9.88256 
3.14 -9.98406 -10.141 -9.82734 -9.98372 
3.15 -10.0837 -10.2427 -9.92595 -10.0839 
3.16 -10.1824 -10.3435 -10.0236 -10.183 
3.17 -10.28 -10.4432 -10.1202 -10.2812 
3.18 -10.3766 -10.5419 -10.2157 -10.3783 
3.19 -10.4722 -10.6395 -10.3103 -10.4743 
3.2 -10.5667 -10.7361 -10.4038 -10.5694 
3.21 -10.6602 -10.8316 -10.4962 -10.6633 
3.22 -10.7525 -10.9261 -10.5876 -10.7562 
3.23 -10.8439 -11.0194 -10.678 -10.8481 
3.24 -10.9341 -11.1117 -10.7672 -10.9388 
3.25 -11.0232 -11.2029 -10.8554 -11.0284 
3.26 -11.1113 -11.2929 -10.9424 -11.117 
3.27 -11.1982 -11.3818 -11.0284 -11.2044 
3.28 -11.284 -11.4697 -11.1133 -11.2907 
3.29 -11.3687 -11.5563 -11.197 -11.3759 
3.3 -11.4523 -11.6418 -11.2796 -11.46 
3.31 -11.5347 -11.7262 -11.3611 -11.5428 
3.32 -11.6159 -11.8094 -11.4414 -11.6246 
3.33 -11.696 -11.8914 -11.5206 -11.7052 
3.34 -11.7749 -11.9723 -11.5986 -11.7846 
3.35 -11.8526 -12.052 -11.6755 -11.8628 
3.36 -11.9292 -12.1304 -11.7511 -11.9399 
3.37 -12.0045 -12.2077 -11.8256 -12.0157 
3.38 -12.0787 -12.2837 -11.8989 -12.0904 
3.39 -12.1517 -12.3585 -11.971 -12.1638 
3.4 -12.2234 -12.4321 -12.0419 -12.236 
3.41 -12.2939 -12.5045 -12.1116 -12.307 
3.42 -12.3632 -12.5756 -12.1801 -12.3768 
3.43 -12.4312 -12.6455 -12.2473 -12.4453 
3.44 -12.498 -12.7141 -12.3134 -12.5126 
3.45 -12.5636 -12.7814 -12.3781 -12.5787 
3.46 -12.6279 -12.8475 -12.4417 -12.6434 
3.47 -12.6909 -12.9123 -12.5039 -12.707 
3.48 -12.7527 -12.9758 -12.565 -12.7692 
3.49 -12.8132 -13.038 -12.6247 -12.8302 
3.5 -12.8724 -13.0989 -12.6832 -12.8899 
3.51 -12.9303 -13.1586 -12.7405 -12.9482 
3.52 -12.987 -13.2169 -12.7964 -13.0054 
3.53 -13.0423 -13.2739 -12.8511 -13.0612 
3.54 -13.0963 -13.3295 -12.9044 -13.1156 
3.55 -13.149 -13.3839 -12.9565 -13.1688 
3.56 -13.2004 -13.4369 -13.0073 -13.2207 
3.57 -13.2505 -13.4885 -13.0567 -13.2712 
3.58 -13.2993 -13.5389 -13.1049 -13.3205 
3.59 -13.3467 -13.5879 -13.1517 -13.3683 
3.6 -13.3928 -13.6355 -13.1972 -13.4149 
3.61 -13.4375 -13.6817 -13.2414 -13.4601 
3.62 -13.481 -13.7266 -13.2843 -13.504 
3.63 -13.523 -13.7702 -13.3258 -13.5465 
3.64 -13.5637 -13.8123 -13.366 -13.5876 
3.65 -13.6031 -13.8531 -13.4049 -13.6274 
3.66 -13.6411 -13.8925 -13.4424 -13.6659 
3.67 -13.6777 -13.9305 -13.4786 -13.7029 
3.68 -13.713 -13.9672 -13.5134 -13.7386 
3.69 -13.7468 -14.0024 -13.5468 -13.7729 
3.7 -13.7794 -14.0362 -13.5789 -13.8059 
3.71 -13.8105 -14.0687 -13.6097 -13.8375 
3.72 -13.8403 -14.0997 -13.6391 -13.8676 
3.73 -13.8686 -14.1293 -13.6671 -13.8964 
3.74 -13.8956 -14.1576 -13.6937 -13.9238 
3.75 -13.9212 -14.1844 -13.719 -13.9498 
3.76 -13.9454 -14.2098 -13.7429 -13.9745 
3.77 -13.9682 -14.2337 -13.7654 -13.9977 
3.78 -13.9896 -14.2563 -13.7865 -14.0195 
3.79 -14.0096 -14.2774 -13.8063 -14.0399 
3.8 -14.0283 -14.2971 -13.8247 -14.0589 
3.81 -14.0455 -14.3154 -13.8416 -14.0766 
3.82 -14.0613 -14.3322 -13.8572 -14.0928 
3.83 -14.0757 -14.3476 -13.8715 -14.1075 
3.84 -14.0887 -14.3616 -13.8843 -14.1209 
3.85 -14.1002 -14.3741 -13.8957 -14.1329 
3.86 -14.1104 -14.3853 -13.9058 -14.1435 
3.87 -14.1192 -14.3949 -13.9144 -14.1526 
3.88 -14.1265 -14.4032 -13.9217 -14.1603 
3.89 -14.1325 -14.4099 -13.9276 -14.1666 
3.9 -14.137 -14.4153 -13.9321 -14.1715 
3.91 -14.1401 -14.4192 -13.9351 -14.175 
3.92 -14.1418 -14.4217 -13.9368 -14.1771 
3.93 -14.1421 -14.4227 -13.9371 -14.1777 
3.94 -14.1409 -14.4223 -13.936 -14.1769 
3.95 -14.1384 -14.4204 -13.9336 -14.1747 
3.96 -14.1344 -14.4171 -13.9297 -14.1711 
3.97 -14.1291 -14.4124 -13.9244 -14.1661 
3.98 -14.1223 -14.4062 -13.9177 -14.1597 
3.99 -14.1141 -14.3986 -13.9097 -14.1518 
4 -14.1045 -14.3895 -13.9002 -14.1425 
4.01 -14.0934 -14.379 -13.8894 -14.1318 
4.02 -14.081 -14.3671 -13.8772 -14.1197 
4.03 -14.0672 -14.3537 -13.8636 -14.1062 
4.04 -14.0519 -14.3389 -13.8486 -14.0913 
4.05 -14.0353 -14.3226 -13.8322 -14.075 
4.06 -14.0172 -14.3049 -13.8144 -14.0572 
4.07 -13.9978 -14.2858 -13.7953 -14.0381 
4.08 -13.9769 -14.2653 -13.7748 -14.0175 
4.09 -13.9547 -14.2433 -13.7529 -13.9956 
4.1 -13.931 -14.2199 -13.7296 -13.9722 
4.11 -13.906 -14.195 -13.705 -13.9475 
4.12 -13.8795 -14.1688 -13.679 -13.9213 
4.13 -13.8517 -14.1411 -13.6516 -13.8938 
4.14 -13.8225 -14.112 -13.6229 -13.8649 
4.15 -13.7919 -14.0815 -13.5928 -13.8345 
4.16 -13.76 -14.0496 -13.5614 -13.8028 
4.17 -13.7266 -14.0163 -13.5286 -13.7698 
4.18 -13.6919 -13.9816 -13.4944 -13.7353 
4.19 -13.6558 -13.9454 -13.4589 -13.6995 
4.2 -13.6184 -13.9079 -13.4221 -13.6623 
4.21 -13.5796 -13.869 -13.3839 -13.6237 
4.22 -13.5394 -13.8287 -13.3444 -13.5838 
4.23 -13.4979 -13.787 -13.3036 -13.5425 
4.24 -13.455 -13.7439 -13.2614 -13.4999 
4.25 -13.4108 -13.6994 -13.2179 -13.4559 
4.26 -13.3652 -13.6536 -13.1731 -13.4106 
4.27 -13.3183 -13.6064 -13.127 -13.3639 
4.28 -13.2701 -13.5578 -13.0796 -13.3159 
4.29 -13.2205 -13.5079 -13.0308 -13.2665 
4.3 -13.1697 -13.4566 -12.9808 -13.2159 
4.31 -13.1175 -13.404 -12.9295 -13.1639 
4.32 -13.064 -13.35 -12.8769 -13.1106 
4.33 -13.0091 -13.2947 -12.823 -13.056 
4.34 -12.953 -13.238 -12.7678 -13 
4.35 -12.8956 -13.18 -12.7114 -12.9428 
4.36 -12.8369 -13.1207 -12.6537 -12.8843 
4.37 -12.7769 -13.0601 -12.5947 -12.8245 
4.38 -12.7157 -12.9981 -12.5345 -12.7634 
4.39 -12.6531 -12.9349 -12.4731 -12.701 
4.4 -12.5893 -12.8703 -12.4104 -12.6374 
4.41 -12.5243 -12.8045 -12.3464 -12.5725 
4.42 -12.458 -12.7374 -12.2813 -12.5063 
4.43 -12.3904 -12.669 -12.2149 -12.4389 
4.44 -12.3216 -12.5993 -12.1473 -12.3703 
4.45 -12.2516 -12.5283 -12.0785 -12.3004 
4.46 -12.1804 -12.4561 -12.0084 -12.2293 
4.47 -12.1079 -12.3827 -11.9372 -12.157 
4.48 -12.0342 -12.3079 -11.8649 -12.0834 
4.49 -11.9593 -12.232 -11.7913 -12.0086 
4.5 -11.8833 -12.1548 -11.7165 -11.9327 
4.51 -11.806 -12.0764 -11.6406 -11.8555 
4.52 -11.7275 -11.9968 -11.5636 -11.7772 
4.53 -11.6479 -11.916 -11.4854 -11.6976 
4.54 -11.5671 -11.834 -11.406 -11.617 
4.55 -11.4852 -11.7508 -11.3255 -11.5351 
4.56 -11.4021 -11.6664 -11.2439 -11.4521 
4.57 -11.3179 -11.5808 -11.1612 -11.3679 
4.58 -11.2325 -11.494 -11.0774 -11.2827 
4.59 -11.146 -11.4061 -10.9924 -11.1962 
4.6 -11.0584 -11.3171 -10.9064 -11.1087 
4.61 -10.9697 -11.2269 -10.8193 -11.0201 
4.62 -10.8799 -11.1356 -10.7311 -10.9303 
4.63 -10.789 -11.0431 -10.6419 -10.8395 
4.64 -10.6971 -10.9496 -10.5516 -10.7475 
4.65 -10.604 -10.8549 -10.4602 -10.6545 
4.66 -10.5099 -10.7592 -10.3679 -10.5605 
4.67 -10.4148 -10.6623 -10.2745 -10.4654 
4.68 -10.3186 -10.5644 -10.18 -10.3692 
4.69 -10.2214 -10.4654 -10.0846 -10.272 
4.7 -10.1231 -10.3654 -9.98817 -10.1738 
4.71 -10.0239 -10.2643 -9.89075 -10.0745 
4.72 -9.9236 -10.1622 -9.79235 -9.97425 
4.73 -9.82235 -10.059 -9.69298 -9.87299 
4.74 -9.72011 -9.95488 -9.59265 -9.77075 
4.75 -9.61691 -9.84971 -9.49137 -9.66753 
4.76 -9.51274 -9.74355 -9.38915 -9.56335 
4.77 -9.40762 -9.63639 -9.28601 -9.4582 
4.78 -9.30156 -9.52827 -9.18194 -9.35212 
4.79 -9.19457 -9.41918 -9.07697 -9.24509 
4.8 -9.08666 -9.30914 -8.9711 -9.13715 
4.81 -8.97784 -9.19816 -8.86435 -9.02829 
4.82 -8.86812 -9.08624 -8.75672 -8.91852 
4.83 -8.75752 -8.97341 -8.64822 -8.80787 
4.84 -8.64604 -8.85966 -8.53887 -8.69633 
4.85 -8.53369 -8.74502 -8.42868 -8.58393 
4.86 -8.4205 -8.6295 -8.31766 -8.47066 
4.87 -8.30646 -8.5131 -8.20581 -8.35655 
4.88 -8.19159 -8.39583 -8.09316 -8.2416 
4.89 -8.0759 -8.27772 -7.97971 -8.12583 
4.9 -7.9594 -8.15876 -7.86547 -8.00925 
4.91 -7.84211 -8.03898 -7.75045 -7.89186 
4.92 -7.72403 -7.91838 -7.63468 -7.77369 
4.93 -7.60518 -7.79698 -7.51815 -7.65474 
4.94 -7.48557 -7.67479 -7.40088 -7.53502 
4.95 -7.36522 -7.55181 -7.28288 -7.41455 
4.96 -7.24412 -7.42807 -7.16417 -7.29334 
4.97 -7.1223 -7.30357 -7.04475 -7.1714 
4.98 -6.99977 -7.17834 -6.92464 -7.04874 
4.99 -6.87654 -7.05237 -6.80385 -6.92538 
5 -6.75262 -6.92568 -6.68239 -6.80133 
5.01 -6.62803 -6.79829 -6.56028 -6.67659 
5.02 -6.50277 -6.6702 -6.43752 -6.55119 
5.03 -6.37686 -6.54144 -6.31413 -6.42513 
5.04 -6.25032 -6.412 -6.19012 -6.29843 
5.05 -6.12315 -6.28192 -6.0655 -6.1711 
5.06 -5.99537 -6.15119 -5.94029 -6.04315 
5.07 -5.86698 -6.01984 -5.8145 -5.9146 
5.08 -5.73801 -5.88786 -5.68814 -5.78546 
5.09 -5.60847 -5.75529 -5.56122 -5.65573 
5.1 -5.47837 -5.62213 -5.43376 -5.52545 
5.11 -5.34772 -5.48839 -5.30577 -5.39461 
5.12 -5.21653 -5.35409 -5.17727 -5.26323 
5.13 -5.08483 -5.21925 -5.04825 -5.13132 
5.14 -4.95261 -5.08386 -4.91875 -4.9989 
5.15 -4.8199 -4.94796 -4.78876 -4.86598 
5.16 -4.68671 -4.81154 -4.65832 -4.73258 
5.17 -4.55304 -4.67464 -4.52741 -4.5987 
5.18 -4.41893 -4.53725 -4.39607 -4.46436 
5.19 -4.28437 -4.39939 -4.2643 -4.32958 
5.2 -4.14938 -4.26108 -4.13212 -4.19436 
5.21 -4.01398 -4.12233 -3.99954 -4.05872 
5.22 -3.87817 -3.98315 -3.86657 -3.92268 
5.23 -3.74198 -3.84356 -3.73323 -3.78625 
5.24 -3.60542 -3.70357 -3.59953 -3.64943 
5.25 -3.46849 -3.5632 -3.46548 -3.51225 
5.26 -3.33122 -3.42246 -3.3311 -3.37472 
5.27 -3.19361 -3.28136 -3.1964 -3.23686 
5.28 -3.05569 -3.13992 -3.06139 -3.09866 
5.29 -2.91745 -2.99815 -2.92609 -2.96016 
5.3 -2.77893 -2.85607 -2.79052 -2.82137 
5.31 -2.64013 -2.71369 -2.65467 -2.68229 
5.32 -2.50107 -2.57102 -2.51858 -2.54294 
5.33 -2.36175 -2.42808 -2.38224 -2.40334 
5.34 -2.2222 -2.28488 -2.24568 -2.2635 
5.35 -2.08243 -2.14144 -2.10891 -2.12343 
5.36 -1.94244 -1.99777 -1.97195 -1.98315 
5.37 -1.80227 -1.85389 -1.8348 -1.84267 
5.38 -1.66191 -1.70981 -1.69748 -1.70201 
5.39 -1.52139 -1.56554 -1.56 -1.56117 
5.4 -1.38072 -1.4211 -1.42238 -1.42018 
5.41 -1.2399 -1.27651 -1.28464 -1.27905 
5.42 -1.09897 -1.13177 -1.14678 -1.13779 
5.43 -0.957921 -0.986907 -1.00881 -0.996418 
5.44 -0.816779 -0.84193 -0.870766 -0.854945 
5.45 -0.675555 -0.696853 -0.732643 -0.713387 
5.46 -0.534264 -0.551692 -0.594461 -0.571757 
5.47 -0.392919 -0.406462 -0.456234 -0.430071 
5.48 -0.251535 -0.261176 -0.317975 -0.288341 
5.49 -0.110126 -0.11585 -0.179697 -0.146582 
5.5 0.0312945 0.0295021 -0.0414161 -0.00480872 
5.51 0.172712 0.174866 0.0968556 0.136965 
5.52 0.314111 0.320227 0.235104 0.278725 
5.53 0.45548 0.46557 0.373315 0.420457 
5.54 0.596803 0.610882 0.511474 0.562148 
5.55 0.738066 0.756147 0.649569 0.703782 
5.56 0.879255 0.901351 0.787585 0.845345 
5.57 1.02036 1.04648 0.925509 0.986824 
5.58 1.16136 1.19152 1.06333 1.1282 
5.59 1.30224 1.33645 1.20102 1.26947 
5.6 1.44299 1.48126 1.33859 1.41061 
5.61 1.5836 1.62595 1.476 1.55161 
5.62 1.72405 1.77048 1.61326 1.69246 
5.63 1.86433 1.91485 1.75033 1.83313 
5.64 2.00442 2.05904 1.88723 1.97362 
5.65 2.14431 2.20304 2.02391 2.11392 
5.66 2.28399 2.34684 2.16039 2.254 
5.67 2.42344 2.49041 2.29663 2.39386 
5.68 2.56264 2.63375 2.43263 2.53348 
5.69 2.70159 2.77684 2.56837 2.67284 
5.7 2.84027 2.91967 2.70384 2.81194 
5.71 2.97867 3.06222 2.83903 2.95076 
5.72 3.11677 3.20448 2.97392 3.08928 
5.73 3.25455 3.34643 3.1085 3.22749 
5.74 3.39201 3.48806 3.24275 3.36538 
5.75 3.52913 3.62936 3.37667 3.50293 
5.76 3.6659 3.77031 3.51024 3.64014 
5.77 3.8023 3.9109 3.64344 3.77698 
5.78 3.93833 4.0511 3.77627 3.91344 
5.79 4.07395 4.19092 3.9087 4.04951 
5.8 4.20917 4.33033 4.04073 4.18517 
5.81 4.34397 4.46933 4.17234 4.32042 
5.82 4.47834 4.60789 4.30353 4.45523 
5.83 4.61226 4.746 4.43426 4.5896 
5.84 4.74571 4.88365 4.56455 4.72351 
5.85 4.87869 5.02083 4.69436 4.85695 
5.86 5.01119 5.15752 4.82369 4.9899 
5.87 5.14318 5.29371 4.95253 5.12236 
5.88 5.27466 5.42938 5.08085 5.2543 
5.89 5.40561 5.56452 5.20866 5.38571 
5.9 5.53602 5.69912 5.33593 5.51659 
5.91 5.66587 5.83316 5.46266 5.64691 
5.92 5.79516 5.96663 5.58883 5.77667 
5.93 5.92387 6.09952 5.71442 5.90586 
5.94 6.05199 6.23182 5.83943 6.03445 
5.95 6.17951 6.3635 5.96385 6.16244 
5.96 6.3064 6.49456 6.08766 6.28981 
5.97 6.43266 6.62498 6.21084 6.41655 
5.98 6.55829 6.75476 6.3334 6.54266 
5.99 6.68325 6.88387 6.4553 6.6681 
6 6.80755 7.0123 6.57655 6.79289 
6.01 6.93116 7.14005 6.69713 6.91699 
6.02 7.05409 7.2671 6.81703 7.0404 
6.03 7.1763 7.39343 6.93624 7.1631 
6.04 7.2978 7.51904 7.05473 7.28509 
6.05 7.41857 7.6439 7.17252 7.40635 
6.06 7.5386 7.76802 7.28957 7.52687 
6.07 7.65788 7.89137 7.40588 7.64664 
6.08 7.77639 8.01394 7.52144 7.76565 
6.09 7.89412 8.13572 7.63624 7.88387 
6.1 8.01106 8.25671 7.75026 8.00131 
6.11 8.1272 8.37687 7.86349 8.11795 
6.12 8.24253 8.49622 7.97593 8.23378 
6.13 8.35703 8.61472 8.08756 8.34878 
6.14 8.4707 8.73238 8.19837 8.46295 
6.15 8.58352 8.84917 8.30835 8.57627 
6.16 8.69548 8.9651 8.41748 8.68873 
6.17 8.80658 9.08013 8.52577 8.80033 
6.18 8.91679 9.19427 8.63319 8.91104 
6.19 9.02611 9.3075 8.73973 9.02087 
6.2 9.13453 9.41982 8.8454 9.12979 
6.21 9.24203 9.5312 8.95016 9.2378 
6.22 9.34861 9.64164 9.05402 9.34489 
6.23 9.45426 9.75112 9.15697 9.45104 
6.24 9.55896 9.85965 9.25899 9.55624 
6.25 9.6627 9.96719 9.36007 9.66049 
6.26 9.76548 10.0738 9.46021 9.76378 
6.27 9.86728 10.1793 9.55939 9.86609 
6.28 9.9681 10.2839 9.65761 9.96741 
6.29 10.0679 10.3874 9.75485 10.0677 
6.3 10.1667 10.4899 9.8511 10.1671 
6.31 10.2645 10.5914 9.94637 10.2654 
6.32 10.3613 10.6918 10.0406 10.3626 
6.33 10.457 10.7912 10.1339 10.4589 
6.34 10.5517 10.8895 10.2261 10.5541 
6.35 10.6453 10.9867 10.3173 10.6482 
6.36 10.7379 11.0828 10.4074 10.7413 
6.37 10.8294 11.1779 10.4965 10.8333 
6.38 10.9198 11.2718 10.5846 10.9242 
6.39 11.0091 11.3646 10.6715 11.014 
6.4 11.0973 11.4562 10.7574 11.1027 
6.41 11.1844 11.5468 10.8422 11.1903 
6.42 11.2704 11.6362 10.926 11.2768 
6.43 11.3553 11.7244 11.0086 11.3622 
6.44 11.439 11.8115 11.0901 11.4464 
6.45 11.5216 11.8974 11.1705 11.5295 
6.46 11.603 11.9821 11.2498 11.6114 
6.47 11.6833 12.0656 11.3279 11.6922 
6.48 11.7624 12.148 11.4049 11.7718 
6.49 11.8403 12.2291 11.4807 11.8502 
6.5 11.9171 12.309 11.5554 11.9275 
6.51 11.9926 12.3877 11.629 12.0035 
6.52 12.067 12.4652 11.7013 12.0784 
6.53 12.1401 12.5414 11.7725 12.152 
6.54 12.212 12.6164 11.8425 12.2244 
6.55 12.2828 12.6901 11.9113 12.2956 
6.56 12.3522 12.7625 11.9789 12.3656 
6.57 12.4205 12.8337 12.0453 12.4343 
6.58 12.4875 12.9036 12.1105 12.5018 
6.59 12.5532 12.9723 12.1745 12.5681 
6.6 12.6177 13.0396 12.2372 12.633 
6.61 12.681 13.1056 12.2988 12.6968 
6.62 12.7429 13.1704 12.359 12.7592 
6.63 12.8036 13.2338 12.4181 12.8204 
6.64 12.8631 13.2959 12.4759 12.8803 
6.65 12.9212 13.3567 12.5324 12.9389 
6.66 12.978 13.4162 12.5877 12.9962 
6.67 13.0336 13.4743 12.6417 13.0522 
6.68 13.0878 13.5311 12.6945 13.1069 
6.69 13.1407 13.5865 12.746 13.1603 
6.7 13.1923 13.6406 12.7962 13.2124 
6.71 13.2426 13.6933 12.8451 13.2631 
6.72 13.2916 13.7446 12.8927 13.3126 
6.73 13.3392 13.7946 12.939 13.3607 
6.74 13.3855 13.8432 12.984 13.4074 
6.75 13.4305 13.8905 13.0278 13.4529 
6.76 13.4741 13.9363 13.0702 13.4969 
6.77 13.5164 13.9808 13.1113 13.5397 
6.78 13.5573 14.0238 13.1511 13.5811 
6.79 13.5969 14.0655 13.1896 13.6211 
6.8 13.6351 14.1058 13.2267 13.6597 
6.81 13.672 14.1446 13.2626 13.697 
6.82 13.7074 14.1821 13.297 13.7329 
6.83 13.7415 14.2181 13.3302 13.7675 
6.84 13.7743 14.2527 13.362 13.8006 
6.85 13.8056 14.2859 13.3925 13.8324 
6.86 13.8356 14.3177 13.4217 13.8628 
6.87 13.8642 14.348 13.4495 13.8919 
6.88 13.8914 14.3769 13.4759 13.9195 
6.89 13.9172 14.4044 13.501 13.9457 
6.9 13.9416 14.4304 13.5248 13.9706 
6.91 13.9647 14.455 13.5472 13.994 
6.92 13.9863 14.4782 13.5682 14.0161 
6.93 14.0066 14.4999 13.5879 14.0367 
6.94 14.0254 14.5201 13.6062 14.056 
6.95 14.0428 14.539 13.6232 14.0738 
6.96 14.0588 14.5563 13.6388 14.0902 
6.97 14.0735 14.5722 13.653 14.1052 
6.98 14.0867 14.5867 13.6659 14.1189 
6.99 14.0985 14.5997 13.6774 14.1311 
7 14.1089 14.6112 13.6875 14.1418 
7.01 14.1179 14.6213 13.6962 14.1512 
7.02 14.1254 14.6299 13.7036 14.1592 
7.03 14.1316 14.637 13.7096 14.1657 
7.04 14.1364 14.6427 13.7143 14.1708 
7.05 14.1397 14.6469 13.7176 14.1745 
7.06 14.1416 14.6497 13.7195 14.1768 
7.07 14.1421 14.651 13.72 14.1777 
7.08 14.1412 14.6508 13.7191 14.1772 
7.09 14.1389 14.6492 13.7169 14.1752 
7.1 14.1352 14.6461 13.7133 14.1718 
7.11 14.13 14.6415 13.7084 14.167 
7.12 14.1234 14.6355 13.702 14.1608 
7.13 14.1155 14.628 13.6943 14.1532 
7.14 14.1061 14.619 13.6853 14.1441 
7.15 14.0953 14.6086 13.6748 14.1337 
7.16 14.0831 14.5967 13.663 14.1218 
7.17 14.0695 14.5833 13.6499 14.1085 
7.18 14.0544 14.5685 13.6353 14.0938 
7.19 14.038 14.5523 13.6195 14.0777 
7.2 14.0202 14.5345 13.6022 14.0602 
7.21 14.001 14.5154 13.5836 14.0413 
7.22 13.9803 14.4947 13.5636 14.0209 
7.23 13.9583 14.4727 13.5423 13.9992 
7.24 13.9349 14.4491 13.5196 13.9761 
7.25 13.9101 14.4242 13.4956 13.9516 
7.26 13.8838 14.3977 13.4702 13.9256 
7.27 13.8562 14.3699 13.4435 13.8983 
7.28 13.8273 14.3406 13.4155 13.8696 
7.29 13.7969 14.3098 13.3861 13.8395 
7.3 13.7651 14.2776 13.3554 13.8081 
7.31 13.732 14.244 13.3233 13.7752 
7.32 13.6975 14.209 13.2899 13.741 
7.33 13.6617 14.1725 13.2552 13.7054 
7.34 13.6244 14.1347 13.2192 13.6684 
7.35 13.5858 14.0954 13.1818 13.6301 
7.36 13.5459 14.0547 13.1431 13.5904 
7.37 13.5046 14.0125 13.1032 13.5493 
7.38 13.4619 13.969 13.0619 13.5069 
7.39 13.4179 13.9241 13.0193 13.4631 
7.4 13.3726 13.8778 12.9754 13.418 
7.41 13.3259 13.83 12.9302 13.3715 
7.42 13.2779 13.7809 12.8837 13.3237 
7.43 13.2285 13.7305 12.836 13.2746 
7.44 13.1778 13.6786 12.787 13.2242 
7.45 13.1259 13.6253 12.7367 13.1724 
7.46 13.0726 13.5707 12.6851 13.1193 
7.47 13.018 13.5148 12.6323 13.0649 
7.48 12.962 13.4574 12.5782 13.0092 
7.49 12.9048 13.3988 12.5228 12.9522 
7.5 12.8464 13.3387 12.4662 12.8939 
7.51 12.7866 13.2774 12.4084 12.8343 
7.52 12.7255 13.2147 12.3493 12.7734 
7.53 12.6632 13.1507 12.289 12.7112 
7.54 12.5996 13.0853 12.2275 12.6478 
7.55 12.5347 13.0187 12.1648 12.5831 
7.56 12.4686 12.9507 12.1008 12.5171 
7.57 12.4013 12.8814 12.0357 12.4499 
7.58 12.3327 12.8108 11.9693 12.3815 
7.59 12.2629 12.739 11.9018 12.3118 
7.6 12.1918 12.6659 11.8331 12.2409 
7.61 12.1195 12.5915 11.7632 12.1687 
7.62 12.046 12.5158 11.6921 12.0954 
7.63 11.9713 12.4388 11.6199 12.0208 
7.64 11.8955 12.3607 11.5465 11.945 
7.65 11.8184 12.2812 11.472 11.8681 
7.66 11.7401 12.2006 11.3963 11.7899 
7.67 11.6607 12.1187 11.3195 11.7106 
7.68 11.5801 12.0355 11.2416 11.6301 
7.69 11.4983 11.9512 11.1625 11.5484 
7.7 11.4154 11.8657 11.0824 11.4656 
7.71 11.3314 11.779 11.0011 11.3816 
7.72 11.2462 11.6911 10.9188 11.2965 
7.73 11.1599 11.602 10.8354 11.2103 
7.74 11.0725 11.5117 10.7509 11.123 
7.75 10.9839 11.4203 10.6653 11.0345 
7.76 10.8943 11.3277 10.5787 10.9449 
7.77 10.8036 11.234 10.491 10.8542 
7.78 10.7118 11.1392 10.4023 10.7625 
7.79 10.6189 11.0432 10.3126 10.6697 
7.8 10.525 10.9461 10.2218 10.5758 
7.81 10.43 10.8479 10.13 10.4808 
7.82 10.334 10.7486 10.0372 10.3848 
7.83 10.2369 10.6483 9.94345 10.2878 
7.84 10.1388 10.5468 9.84868 10.1897 
7.85 10.0397 10.4443 9.75295 10.0906 
7.86 9.93964 10.3408 9.65624 9.99054 
7.87 9.83854 10.2362 9.55858 9.88945 
7.88 9.73646 10.1305 9.45998 9.78737 
7.89 9.63341 10.0239 9.36044 9.68431 
7.9 9.52939 9.91618 9.25997 9.58028 
7.91 9.42442 9.8075 9.15858 9.47529 
7.92 9.31851 9.69783 9.0563 9.36935 
7.93 9.21167 9.58718 8.95311 9.26248 
7.94 9.1039 9.47556 8.84904 9.15468 
7.95 8.99523 9.36298 8.7441 9.04597 
7.96 8.88565 9.24945 8.63829 8.93635 
7.97 8.77519 9.13499 8.53163 8.82584 
7.98 8.66385 9.0196 8.42413 8.71445 
7.99 8.55164 8.9033 8.31579 8.60218 
8 8.43858 8.7861 8.20663 8.48905 
8.01 8.32468 8.66801 8.09667 8.37508 
8.02 8.20994 8.54903 7.98591 8.26027 
8.03 8.09438 8.42919 7.87435 8.14463 
8.04 7.97801 8.3085 7.76203 8.02818 
8.05 7.86084 8.18696 7.64894 7.91092 
8.06 7.74289 8.0646 7.53509 7.79287 
8.07 7.62416 7.94141 7.4205 7.67405 
8.08 7.50467 7.81742 7.30518 7.55445 
8.09 7.38443 7.69263 7.18915 7.43411 
8.1 7.26346 7.56706 7.0724 7.31301 
8.11 7.14175 7.44072 6.95496 7.19119 
8.12 7.01933 7.31363 6.83684 7.06865 
8.13 6.89621 7.18579 6.71804 6.9454 
8.14 6.7724 7.05722 6.59859 6.82145 
8.15 6.64791 6.92793 6.47848 6.69683 
8.16 6.52276 6.79794 6.35774 6.57153 
8.17 6.39696 6.66725 6.23638 6.44558 
8.18 6.27051 6.53588 6.11441 6.31898 
8.19 6.14344 6.40385 5.99183 6.19175 
8.2 6.01576 6.27116 5.86867 6.0639 
8.21 5.88747 6.13783 5.74494 5.93545 
8.22 5.75859 6.00388 5.62064 5.8064 
8.23 5.62914 5.86931 5.4958 5.67677 
8.24 5.49913 5.73414 5.37041 5.54658 
8.25 5.36856 5.59838 5.24451 5.41582 
8.26 5.23746 5.46206 5.11809 5.28453 
8.27 5.10584 5.32517 4.99117 5.15271 
8.28 4.9737 5.18773 4.86376 5.02037 
8.29 4.84107 5.04976 4.73588 4.88754 
8.3 4.70795 4.91128 4.60754 4.75421 
8.31 4.57436 4.77228 4.47876 4.62041 
8.32 4.44032 4.6328 4.34953 4.48614 
8.33 4.30583 4.49284 4.21989 4.35143 
8.34 4.17091 4.35242 4.08984 4.21628 
8.35 4.03557 4.21155 3.95939 4.08071 
8.36 3.89983 4.07024 3.82856 3.94473 
8.37 3.7637 3.92851 3.69735 3.80836 
8.38 3.62719 3.78637 3.5658 3.6716 
8.39 3.49032 3.64384 3.43389 3.53448 
8.4 3.3531 3.50094 3.30166 3.39701 
8.41 3.21555 3.35766 3.16911 3.2592 
8.42 3.07767 3.21404 3.03626 3.12106 
8.43 2.93949 3.07008 2.90312 2.9826 
8.44 2.80101 2.92581 2.7697 2.84385 
8.45 2.66225 2.78122 2.63602 2.70482 
8.46 2.52323 2.63634 2.50208 2.56552 
8.47 2.38395 2.49118 2.36791 2.42595 
8.48 2.24444 2.34576 2.23352 2.28615 
8.49 2.1047 2.20009 2.09891 2.14612 
8.5 1.96475 2.05419 1.96411 2.00587 
8.51 1.82461 1.90807 1.82913 1.86542 
8.52 1.68428 1.76174 1.69398 1.72479 
8.53 1.54378 1.61522 1.55867 1.58398 
8.54 1.40313 1.46852 1.42322 1.44302 
8.55 1.26234 1.32166 1.28764 1.30191 
8.56 1.12142 1.17466 1.15195 1.16067 
8.57 0.980392 1.02752 1.01615 1.01931 
8.58 0.839264 0.880264 0.880267 0.877854 
8.59 0.698052 0.732907 0.744309 0.736308 
8.6 0.556771 0.585461 0.608289 0.594689 
8.61 0.415433 0.437943 0.472223 0.453011 
8.62 0.274055 0.290365 0.336123 0.311287 
8.63 0.132648 0.142744 0.200003 0.169532 
8.64 -0.00877099 -0.0049057 0.063876 0.0277599 
8.65 -0.15019 -0.15257 -0.0722433 -0.114015 
8.66 -0.291593 -0.300234 -0.208342 -0.255778 
8.67 -0.432967 -0.447882 -0.344406 -0.397516 
8.68 -0.574298 -0.595501 -0.480422 -0.539214 
8.69 -0.715572 -0.743075 -0.616376 -0.680858 
8.7 -0.856774 -0.890589 -0.752255 -0.822434 
8.71 -0.997891 -1.03803 -0.888046 -0.963928 
8.72 -1.13891 -1.18538 -1.02373 -1.10532 
8.73 -1.27981 -1.33263 -1.15931 -1.24661 
8.74 -1.42058 -1.47976 -1.29475 -1.38777 
8.75 -1.56122 -1.62675 -1.43005 -1.5288 
8.76 -1.70169 -1.7736 -1.56519 -1.66967 
8.77 -1.842 -1.92028 -1.70016 -1.81037 
8.78 -1.98212 -2.06679 -1.83495 -1.95089 
8.79 -2.12205 -2.2131 -1.96955 -2.09122 
8.8 -2.26176 -2.35921 -2.10393 -2.23134 
8.81 -2.40124 -2.5051 -2.23809 -2.37123 
8.82 -2.54049 -2.65075 -2.37201 -2.51089 
8.83 -2.67948 -2.79615 -2.50568 -2.6503 
8.84 -2.8182 -2.94129 -2.63908 -2.78944 
8.85 -2.95665 -3.08614 -2.77221 -2.9283 
8.86 -3.09479 -3.23071 -2.90505 -3.06687 
8.87 -3.23263 -3.37496 -3.03759 -3.20514 
8.88 -3.37014 -3.51889 -3.16981 -3.34308 
8.89 -3.50732 -3.66248 -3.30169 -3.48069 
8.9 -3.64414 -3.80572 -3.43324 -3.61795 
8.91 -3.7806 -3.9486 -3.56443 -3.75485 
8.92 -3.91669 -4.09109 -3.69525 -3.89137 
8.93 -4.05238 -4.23319 -3.82568 -4.02751 
8.94 -4.18767 -4.37488 -3.95572 -4.16324 
8.95 -4.32253 -4.51615 -4.08536 -4.29855 
8.96 -4.45697 -4.65698 -4.21457 -4.43344 
8.97 -4.59096 -4.79736 -4.34334 -4.56788 
8.98 -4.72449 -4.93727 -4.47167 -4.70187 
8.99 -4.85755 -5.0767 -4.59954 -4.83538 
9 -4.99012 -5.21564 -4.72694 -4.96841 
9.01 -5.12219 -5.35407 -4.85385 -5.10095 
9.02 -5.25375 -5.49198 -4.98026 -5.23297 
9.03 -5.38479 -5.62935 -5.10616 -5.36447 
9.04 -5.51528 -5.76618 -5.23154 -5.49544 
9.05 -5.64523 -5.90244 -5.35639 -5.62585 
9.06 -5.77461 -6.03812 -5.48068 -5.75571 
9.07 -5.90341 -6.17322 -5.60442 -5.88498 
9.08 -6.03163 -6.30771 -5.72758 -6.01367 
9.09 -6.15924 -6.44158 -5.85016 -6.14176 
9.1 -6.28623 -6.57483 -5.97214 -6.26923 
9.11 -6.4126 -6.70743 -6.09351 -6.39608 
9.12 -6.53832 -6.83937 -6.21426 -6.52229 
9.13 -6.66339 -6.97064 -6.33437 -6.64784 
9.14 -6.7878 -7.10122 -6.45384 -6.77273 
9.15 -6.91152 -7.23111 -6.57266 -6.89694 
9.16 -7.03456 -7.36029 -6.6908 -7.02047 
9.17 -7.15689 -7.48875 -6.80826 -7.14329 
9.18 -7.2785 -7.61647 -6.92504 -7.26539 
9.19 -7.39939 -7.74344 -7.0411 -7.38677 
9.2 -7.51954 -7.86965 -7.15645 -7.50741 
9.21 -7.63893 -7.99509 -7.27108 -7.62731 
9.22 -7.75756 -8.11973 -7.38496 -7.74643 
9.23 -7.87542 -8.24358 -7.4981 -7.86479 
9.24 -7.99249 -8.36662 -7.61047 -7.98235 
9.25 -8.10876 -8.48883 -7.72208 -8.09912 
9.26 -8.22421 -8.61021 -7.83289 -8.21508 
9.27 -8.33885 -8.73074 -7.94292 -8.33022 
9.28 -8.45265 -8.8504 -8.05214 -8.44452 
9.29 -8.56561 -8.9692 -8.16054 -8.55798 
9.3 -8.67771 -9.0871 -8.26812 -8.67059 
9.31 -8.78894 -9.20411 -8.37486 -8.78232 
9.32 -8.89929 -9.32022 -8.48075 -8.89318 
9.33 -9.00876 -9.4354 -8.58578 -9.00315 
9.34 -9.11732 -9.54965 -8.68995 -9.11222 
9.35 -9.22497 -9.66296 -8.79323 -9.22038 
9.36 -9.3317 -9.77531 -8.89563 -9.32761 
9.37 -9.43749 -9.88669 -8.99712 -9.43392 
9.38 -9.54235 -9.9971 -9.09771 -9.53928 
9.39 -9.64624 -10.1065 -9.19737 -9.64368 
9.4 -9.74918 -10.2149 -9.29611 -9.74712 
9.41 -9.85113 -10.3223 -9.3939 -9.84959 
9.42 -9.95211 -10.4287 -9.49075 -9.95107 
9.43 -10.0521 -10.5341 -9.58664 -10.0516 
9.44 -10.1511 -10.6384 -9.68156 -10.151 
9.45 -10.249 -10.7417 -9.7755 -10.2495 
9.46 -10.3459 -10.8439 -9.86846 -10.347 
9.47 -10.4418 -10.945 -9.96042 -10.4434 
9.48 -10.5367 -11.045 -10.0514 -10.5387 
9.49 -10.6305 -11.144 -10.1413 -10.633 
9.5 -10.7232 -11.2418 -10.2302 -10.7263 
9.51 -10.8149 -11.3385 -10.3181 -10.8184 
9.52 -10.9055 -11.4341 -10.405 -10.9095 
9.53 -10.995 -11.5286 -10.4908 -10.9995 
9.54 -11.0834 -11.6219 -10.5755 -11.0884 
9.55 -11.1706 -11.7141 -10.6592 -11.1762 
9.56 -11.2568 -11.8051 -10.7418 -11.2629 
9.57 -11.3419 -11.8949 -10.8233 -11.3485 
9.58 -11.4258 -11.9836 -10.9037 -11.4329 
9.59 -11.5085 -12.071 -10.983 -11.5161 
9.6 -11.5901 -12.1573 -11.0613 -11.5983 
9.61 -11.6706 -12.2424 -11.1384 -11.6792 
9.62 -11.7499 -12.3262 -11.2144 -11.759 
9.63 -11.828 -12.4088 -11.2892 -11.8376 
9.64 -11.9049 -12.4902 -11.3629 -11.915 
9.65 -11.9807 -12.5703 -11.4355 -11.9913 
9.66 -12.0552 -12.6492 -11.5069 -12.0663 
9.67 -12.1286 -12.7269 -11.5772 -12.1402 
9.68 -12.2007 -12.8033 -11.6463 -12.2128 
9.69 -12.2716 -12.8784 -11.7143 -12.2842 
9.7 -12.3413 -12.9522 -11.781 -12.3543 
9.71 -12.4097 -13.0247 -11.8466 -12.4233 
9.72 -12.4769 -13.096 -11.911 -12.491 
9.73 -12.5429 -13.1659 -11.9741 -12.5574 
9.74 -12.6076 -13.2345 -12.0361 -12.6226 
9.75 -12.671 -13.3018 -12.0969 -12.6865 
9.76 -12.7332 -13.3678 -12.1564 -12.7492 
9.77 -12.7941 -13.4325 -12.2148 -12.8106 
9.78 -12.8537 -13.4958 -12.2719 -12.8707 
9.79 -12.912 -13.5578 -12.3277 -12.9295 
9.8 -12.9691 -13.6184 -12.3824 -12.987 
9.81 -13.0248 -13.6777 -12.4358 -13.0432 
9.82 -13.0792 -13.7356 -12.4879 -13.0981 
9.83 -13.1324 -13.7921 -12.5388 -13.1518 
9.84 -13.1842 -13.8473 -12.5884 -13.204 
9.85 -13.2347 -13.9011 -12.6368 -13.255 
9.86 -13.2839 -13.9535 -12.6839 -13.3047 
9.87 -13.3317 -14.0045 -12.7297 -13.353 
9.88 -13.3783 -14.0541 -12.7743 -13.4 
9.89 -13.4234 -14.1023 -12.8175 -13.4456 
9.9 -13.4673 -14.1491 -12.8595 -13.4899 
9.91 -13.5098 -14.1945 -12.9002 -13.5328 
9.92 -13.5509 -14.2385 -12.9396 -13.5744 
9.93 -13.5907 -14.2811 -12.9777 -13.6147 
9.94 -13.6291 -14.3222 -13.0145 -13.6536 
9.95 -13.6662 -14.362 -13.05 -13.6911 
9.96 -13.7019 -14.4002 -13.0841 -13.7272 
9.97 -13.7362 -14.4371 -13.117 -13.762 
9.98 -13.7692 -14.4725 -13.1486 -13.7954 
9.99 -13.8007 -14.5065 -13.1788 -13.8274 
