0 1 1 1 1 
0.15 1.13821 1.15 1.15 1.15 
0.3 1.25086 1.2775 1.27139 1.27427 
0.45 1.33541 1.37912 1.36214 1.37003 
0.6 1.38998 1.45201 1.42091 1.43513 
0.75 1.41333 1.49386 1.44713 1.46813 
0.9 1.40494 1.50304 1.44092 1.46828 
1.05 1.36499 1.47861 1.40315 1.43557 
1.2 1.2944 1.42036 1.33532 1.37075 
1.35 1.19473 1.32884 1.23961 1.27526 
1.5 1.06823 1.20536 1.11873 1.15123 
1.65 0.917744 1.05199 0.975885 1.00145 
1.8 0.746646 0.871493 0.814712 0.829259 
1.95 0.558779 0.667328 0.639158 0.638515 
2.1 0.358363 0.443554 0.453403 0.433485 
2.25 0.1499 0.204765 0.261758 0.218755 
2.4 -0.0619305 -0.0440039 0.06857 -0.000868143 
2.55 -0.27237 -0.29738 -0.121876 -0.220472 
2.7 -0.476692 -0.549766 -0.305449 -0.435144 
2.85 -0.670309 -0.795461 -0.478261 -0.640079 
3 -0.848872 -1.02879 -0.636746 -0.830693 
3.15 -1.00837 -1.24421 -0.777732 -1.00272 
3.3 -1.14523 -1.43649 -0.898502 -1.15231 
3.45 -1.25636 -1.60078 -0.996843 -1.27613 
3.6 -1.33928 -1.73274 -1.07109 -1.37138 
3.75 -1.39212 -1.82869 -1.12012 -1.43596 
3.9 -1.4137 -1.88565 -1.14344 -1.46841 
4.05 -1.40353 -1.90146 -1.14107 -1.468 
4.2 -1.36184 -1.87485 -1.11365 -1.43475 
4.35 -1.28956 -1.80545 -1.06233 -1.36939 
4.5 -1.18833 -1.69387 -0.988762 -1.2734 
4.65 -1.0604 -1.54167 -0.895053 -1.14892 
4.8 -0.908666 -1.35135 -0.783712 -0.998725 
4.95 -0.736522 -1.12635 -0.657575 -0.826189 
5.1 -0.547837 -0.870945 -0.519744 -0.635168 
5.25 -0.346849 -0.590194 -0.373508 -0.429936 
5.4 -0.138072 -0.289847 -0.222272 -0.215084 
5.55 0.0738066 0.0237793 -0.0694727 0.0045798 
5.7 0.284027 0.343927 0.0814931 0.224141 
5.85 0.487869 0.66354 0.227344 0.438688 
6 0.680755 0.975415 0.364982 0.643419 
6.15 0.858352 1.27236 0.491561 0.833755 
6.3 1.01667 1.54736 0.604537 1.00544 
6.45 1.15216 1.79373 0.701724 1.15462 
6.6 1.26177 2.00528 0.781332 1.27797 
6.75 1.34305 2.17648 0.841995 1.37273 
6.9 1.39416 2.30255 0.882794 1.43677 
7.05 1.41397 2.37966 0.903271 1.46867 
7.2 1.40202 2.40496 0.90342 1.46771 
7.35 1.35858 2.37671 0.883686 1.43391 
7.5 1.28464 2.29436 0.844941 1.36802 
7.65 1.18184 2.15853 0.788456 1.27153 
7.8 1.0525 1.97107 0.715864 1.14659 
7.95 0.899523 1.73505 0.629117 0.995995 
8.1 0.726346 1.45468 0.530435 0.823114 
8.25 0.536856 1.13527 0.422252 0.631818 
8.4 0.33531 0.783132 0.307159 0.426385 
8.55 0.126234 0.405449 0.187838 0.211412 
8.7 -0.0856774 0.0101453 0.0670106 -0.00829143 
8.85 -0.295665 -0.394281 -0.052633 -0.227809 
9 -0.499012 -0.798936 -0.168486 -0.44223 
9.15 -0.691152 -1.19472 -0.278082 -0.646756 
9.3 -0.867771 -1.57253 -0.379147 -0.836811 
9.45 -1.0249 -1.92345 -0.469645 -1.00814 
9.6 -1.15901 -2.239 -0.547817 -1.15692 
9.75 -1.2671 -2.51126 -0.612214 -1.27981 
9.9 -1.34673 -2.73315 -0.661723 -1.37407 
10.05 -1.39611 -2.89854 -0.695581 -1.43758 
10.2 -1.41414 -3.00243 -0.713387 -1.46893 
10.35 -1.40041 -3.0411 -0.715104 -1.46741 
10.5 -1.35523 -3.01222 -0.701048 -1.43306 
10.65 -1.27962 -2.91491 -0.671874 -1.36665 
10.8 -1.17527 -2.74983 -0.628558 -1.26966 
10.95 -1.04452 -2.51916 -0.572363 -1.14426 
11.1 -0.890317 -2.22662 -0.50481 -0.993258 
11.25 -0.716118 -1.8774 -0.427636 -0.820034 
11.4 -0.525838 -1.47809 -0.342749 -0.628463 
11.55 -0.323748 -1.03653 -0.252189 -0.422831 
11.7 -0.114387 -0.561709 -0.158071 -0.207738 
11.85 0.0975422 -0.0635705 -0.0625469 0.012003 
12 0.307281 0.447207 0.032252 0.231475 
12.15 0.510119 0.959414 0.124255 0.445769 
12.3 0.701501 1.46156 0.2115 0.650088 
12.45 0.877128 1.94212 0.29217 0.839863 
12.6 1.03306 2.38979 0.364636 1.01085 
12.75 1.16579 2.79377 0.427484 1.15921 
12.9 1.27233 3.14397 0.479543 1.28164 
13.05 1.35031 3.43132 0.519903 1.3754 
13.2 1.39796 3.64793 0.547935 1.43838 
13.35 1.41421 3.78733 0.563292 1.46918 
13.5 1.39871 3.84465 0.565917 1.4671 
13.65 1.35179 3.81676 0.556031 1.4322 
13.8 1.27451 3.70236 0.534127 1.36526 
13.95 1.16861 3.50209 0.500952 1.26777 
14.1 1.03647 3.21851 0.457483 1.14192 
14.25 0.881047 2.85614 0.404904 0.990515 
14.4 0.70584 2.42135 0.344572 0.816949 
14.55 0.514782 1.9223 0.277985 0.625105 
14.7 0.312162 1.36876 0.206747 0.419274 
14.85 0.102533 0.771978 0.132527 0.204063 
15 -0.1094 0.144396 0.0570234 -0.0157145 
15.15 -0.318876 -0.500556 -0.0180732 -0.23514 
15.3 -0.52119 -1.14876 -0.0911197 -0.449305 
15.45 -0.7118 -1.7857 -0.160554 -0.653416 
15.6 -0.886424 -2.39679 -0.224927 -0.842908 
15.75 -1.04114 -2.9677 -0.282934 -1.01354 
15.9 -1.17248 -3.48468 -0.333439 -1.1615 
16.05 -1.27748 -3.9349 -0.375495 -1.28346 
16.2 -1.35379 -4.3067 -0.408363 -1.37672 
16.35 -1.39971 -4.58998 -0.431521 -1.43917 
16.5 -1.41418 -4.77635 -0.444675 -1.46941 
16.65 -1.3969 -4.85944 -0.447754 -1.46679 
16.8 -1.34825 -4.83507 -0.440913 -1.43134 
16.95 -1.26931 -4.70136 -0.424519 -1.36387 
17.1 -1.16187 -4.45886 -0.399146 -1.26588 
17.25 -1.02834 -4.11059 -0.365547 -1.13957 
17.4 -0.871716 -3.66198 -0.324644 -0.987766 
17.55 -0.695513 -3.12089 -0.277497 -0.813859 
17.7 -0.50369 -2.49741 -0.225281 -0.621742 
17.85 -0.300555 -1.8037 -0.169257 -0.415715 
18 -0.0906705 -1.0538 -0.110741 -0.200386 
18.15 0.12125 -0.263321 -0.0510765 0.0194259 
18.3 0.330448 0.55087 0.00839944 0.238803 
18.45 0.532225 1.37099 0.0663818 0.452838 
18.6 0.722049 2.17871 0.121627 0.65674 
18.75 0.895657 2.95558 0.172981 0.845949 
18.9 1.04915 3.68344 0.219398 1.01623 
19.05 1.17908 4.34479 0.259966 1.16377 
19.2 1.28254 4.92326 0.293921 1.28528 
19.35 1.35718 5.40398 0.320661 1.37803 
19.5 1.40135 5.77393 0.339756 1.43994 
19.65 1.41405 6.02228 0.350955 1.46964 
19.8 1.395 6.14072 0.354185 1.46646 
19.95 1.34461 6.12366 0.349549 1.43047 
20.1 1.26403 5.96844 0.337324 1.36247 
20.25 1.15505 5.67543 0.317946 1.26398 
20.4 1.02014 5.24813 0.291997 1.13722 
20.55 0.862323 4.69313 0.260194 0.98501 
20.7 0.685136 4.02005 0.223365 0.810763 
20.85 0.492562 3.24138 0.182432 0.618376 
21 0.288926 2.37226 0.138385 0.412153 
21.15 0.0788022 1.4302 0.0922616 0.196708 
21.3 -0.133092 0.434768 0.0451233 -0.0231372 
21.45 -0.341997 -0.592844 -0.00197066 -0.242465 
21.6 -0.543221 -1.63024 -0.0479849 -0.456368 
21.75 -0.732246 -2.65429 -0.0919308 -0.66006 
21.9 -0.904826 -3.64167 -0.132887 -0.848984 
22.05 -1.05709 -4.56932 -0.170017 -1.01891 
22.2 -1.18561 -5.41503 -0.202589 -1.16604 
22.35 -1.2875 -6.15794 -0.229987 -1.28709 
22.5 -1.36048 -6.77901 -0.251721 -1.37933 
22.65 -1.40291 -7.26152 -0.267437 -1.44071 
22.8 -1.41382 -7.59151 -0.276923 -1.46986 
22.95 -1.39299 -7.75811 -0.280106 -1.46612 
23.1 -1.34088 -7.7539 -0.277056 -1.42958 
23.25 -1.25865 -7.57514 -0.267976 -1.36105 
23.4 -1.14815 -7.22191 -0.253199 -1.26208 
23.55 -1.01187 -6.69824 -0.233176 -1.13486 
23.7 -0.852869 -6.01208 -0.208462 -0.982248 
23.85 -0.67471 -5.17521 -0.179705 -0.807662 
24 -0.481399 -4.20307 -0.147626 -0.615005 
24.15 -0.277277 -3.11448 -0.113005 -0.408588 
24.3 -0.0669282 -1.93133 -0.0766589 -0.193029 
24.45 0.144924 -0.678096 -0.0394257 0.0268483 
24.6 0.353521 0.618589 -0.00214424 0.246125 
24.75 0.55418 1.93053 0.034364 0.459896 
24.9 0.742392 3.22856 0.0693127 0.663376 
25.05 0.913932 4.48314 0.101967 0.852014 
25.2 1.06495 5.66509 0.131659 1.02159 
25.35 1.19205 6.74616 0.157801 1.16831 
25.5 1.29237 7.69977 0.179895 1.28888 
25.65 1.36368 8.50159 0.197544 1.38062 
25.8 1.40436 9.13017 0.210458 1.44147 
25.95 1.4135 9.56746 0.218457 1.47007 
26.1 1.39089 9.79932 0.221472 1.46578 
26.25 1.33705 9.81591 0.219548 1.42869 
26.4 1.25318 9.61202 0.212835 1.35964 
26.55 1.14117 9.18727 0.201586 1.26016 
26.7 1.00353 8.54625 0.186149 1.13249 
26.85 0.843354 7.69852 0.166955 0.97948 
27 0.664237 6.6585 0.14451 0.804556 
27.15 0.470203 5.44526 0.119379 0.611631 
27.3 0.265609 4.0822 0.092174 0.405021 
27.45 0.0550495 2.59662 0.0635393 0.189349 
27.6 -0.156746 1.0192 0.0341366 -0.0305593 
27.75 -0.365021 -0.616649 0.00462966 -0.249784 
27.9 -0.565099 -2.27543 -0.0243298 -0.46342 
28.05 -0.752486 -3.92034 -0.0521167 -0.666687 
28.2 -0.922973 -5.51404 -0.0781453 -0.855038 
28.35 -1.07273 -7.01955 -0.101882 -1.02426 
28.5 -1.1984 -8.40098 -0.122854 -1.17056 
28.65 -1.29716 -9.62448 -0.140661 -1.29067 
28.8 -1.36678 -10.6589 -0.154981 -1.38191 
28.95 -1.40571 -11.4769 -0.165576 -1.44223 
29.1 -1.41307 -12.055 -0.172294 -1.47027 
29.25 -1.38869 -12.3748 -0.175073 -1.46542 
29.4 -1.33313 -12.4235 -0.173938 -1.42779 
29.55 -1.24763 -12.1937 -0.169001 -1.35821 
29.7 -1.13411 -11.6843 -0.160453 -1.25824 
29.85 -0.995118 -10.9006 -0.148563 -1.13011 
