0 10 10 10 
0.01 9.91079 9.9104 9.9104 
0.02 9.82236 9.8216 9.82159 
0.03 9.73471 9.73358 9.73357 
0.04 9.64782 9.64634 9.64633 
0.05 9.5617 9.55987 9.55986 
0.06 9.47633 9.47417 9.47415 
0.07 9.39171 9.38923 9.38921 
0.08 9.30784 9.30504 9.30501 
0.09 9.2247 9.22159 9.22157 
0.1 9.14229 9.13889 9.13886 
0.11 9.0606 9.05692 9.05688 
0.12 8.97964 8.97567 8.97563 
0.13 8.89938 8.89514 8.89511 
0.14 8.81983 8.81533 8.81529 
0.15 8.74098 8.73623 8.73619 
0.16 8.66282 8.65782 8.65778 
0.17 8.58535 8.58012 8.58007 
0.18 8.50856 8.5031 8.50305 
0.19 8.43245 8.42676 8.42671 
0.2 8.35701 8.35111 8.35105 
0.21 8.28223 8.27612 8.27607 
0.22 8.20811 8.2018 8.20174 
0.23 8.13465 8.12814 8.12808 
0.24 8.06183 8.05513 8.05507 
0.25 7.98965 7.98277 7.98271 
0.26 7.91811 7.91105 7.91099 
0.27 7.84719 7.83997 7.83991 
0.28 7.77691 7.76952 7.76946 
0.29 7.70724 7.6997 7.69963 
0.3 7.63819 7.6305 7.63043 
0.31 7.56975 7.56191 7.56184 
0.32 7.50191 7.49393 7.49386 
0.33 7.43467 7.42655 7.42648 
0.34 7.36803 7.35978 7.35971 
0.35 7.30197 7.2936 7.29352 
0.36 7.23649 7.228 7.22793 
0.37 7.1716 7.16299 7.16292 
0.38 7.10728 7.09856 7.09848 
0.39 7.04352 7.0347 7.03462 
0.4 6.98033 6.97141 6.97133 
0.41 6.9177 6.90868 6.9086 
0.42 6.85562 6.84651 6.84643 
0.43 6.79409 6.78489 6.78481 
0.44 6.73311 6.72382 6.72374 
0.45 6.67266 6.6633 6.66321 
0.46 6.61275 6.60331 6.60323 
0.47 6.55337 6.54386 6.54377 
0.48 6.49452 6.48493 6.48485 
0.49 6.43619 6.42654 6.42645 
0.5 6.37837 6.36866 6.36857 
0.51 6.32107 6.31129 6.31121 
0.52 6.26427 6.25444 6.25436 
0.53 6.20798 6.1981 6.19801 
0.54 6.15218 6.14225 6.14217 
0.55 6.09688 6.08691 6.08682 
0.56 6.04207 6.03206 6.03197 
0.57 5.98775 5.97769 5.9776 
0.58 5.93391 5.92381 5.92372 
0.59 5.88054 5.87041 5.87033 
0.6 5.82765 5.81749 5.8174 
0.61 5.77523 5.76504 5.76495 
0.62 5.72327 5.71306 5.71297 
0.63 5.67178 5.66154 5.66145 
0.64 5.62074 5.61048 5.61039 
0.65 5.57015 5.55988 5.55979 
0.66 5.52002 5.50973 5.50964 
0.67 5.47033 5.46002 5.45993 
0.68 5.42108 5.41076 5.41067 
0.69 5.37227 5.36194 5.36185 
0.7 5.32389 5.31355 5.31346 
0.71 5.27594 5.2656 5.26551 
0.72 5.22842 5.21807 5.21798 
0.73 5.18132 5.17097 5.17088 
0.74 5.13464 5.12429 5.1242 
0.75 5.08838 5.07803 5.07794 
0.76 5.04252 5.03218 5.03209 
0.77 4.99708 4.98674 4.98665 
0.78 4.95204 4.94171 4.94162 
0.79 4.9074 4.89708 4.89699 
0.8 4.86316 4.85284 4.85275 
0.81 4.81931 4.80901 4.80892 
0.82 4.77585 4.76556 4.76547 
0.83 4.73278 4.7225 4.72241 
0.84 4.69009 4.67983 4.67974 
0.85 4.64778 4.63754 4.63745 
0.86 4.60585 4.59563 4.59554 
0.87 4.5643 4.55409 4.554 
0.88 4.52311 4.51293 4.51284 
0.89 4.48229 4.47213 4.47204 
0.9 4.44184 4.4317 4.43161 
0.91 4.40174 4.39163 4.39154 
0.92 4.362 4.35192 4.35183 
0.93 4.32262 4.31256 4.31247 
0.94 4.28359 4.27356 4.27347 
0.95 4.24491 4.2349 4.23481 
0.96 4.20657 4.19659 4.19651 
0.97 4.16858 4.15863 4.15854 
0.98 4.13092 4.121 4.12092 
0.99 4.0936 4.08371 4.08363 
1 4.05661 4.04676 4.04667 
1.01 4.01996 4.01014 4.01005 
1.02 3.98363 3.97384 3.97376 
1.03 3.94762 3.93787 3.93779 
1.04 3.91194 3.90222 3.90214 
1.05 3.87657 3.8669 3.86681 
1.06 3.84153 3.83189 3.8318 
1.07 3.80679 3.79719 3.7971 
1.08 3.77237 3.7628 3.76272 
1.09 3.73825 3.72872 3.72864 
1.1 3.70444 3.69495 3.69487 
1.11 3.67093 3.66148 3.6614 
1.12 3.63772 3.62831 3.62823 
1.13 3.60481 3.59544 3.59536 
1.14 3.57219 3.56287 3.56278 
1.15 3.53986 3.53058 3.5305 
1.16 3.50783 3.49859 3.49851 
1.17 3.47608 3.46688 3.4668 
1.18 3.44461 3.43546 3.43538 
1.19 3.41343 3.40432 3.40424 
1.2 3.38252 3.37345 3.37338 
1.21 3.35189 3.34287 3.34279 
1.22 3.32154 3.31256 3.31248 
1.23 3.29146 3.28252 3.28245 
1.24 3.26164 3.25276 3.25268 
1.25 3.2321 3.22326 3.22318 
1.26 3.20282 3.19402 3.19394 
1.27 3.1738 3.16505 3.16497 
1.28 3.14504 3.13634 3.13626 
1.29 3.11654 3.10788 3.10781 
1.3 3.0883 3.07968 3.07961 
1.31 3.06031 3.05174 3.05166 
1.32 3.03256 3.02405 3.02397 
1.33 3.00507 2.9966 2.99653 
1.34 2.97783 2.9694 2.96933 
1.35 2.95083 2.94245 2.94238 
1.36 2.92407 2.91574 2.91567 
1.37 2.89755 2.88927 2.8892 
1.38 2.87127 2.86304 2.86296 
1.39 2.84523 2.83704 2.83697 
1.4 2.81942 2.81128 2.81121 
1.41 2.79384 2.78575 2.78567 
1.42 2.76849 2.76044 2.76037 
1.43 2.74337 2.73537 2.7353 
1.44 2.71847 2.71052 2.71045 
1.45 2.6938 2.6859 2.68583 
1.46 2.66935 2.6615 2.66143 
1.47 2.64512 2.63731 2.63725 
1.48 2.6211 2.61335 2.61328 
1.49 2.59731 2.5896 2.58953 
1.5 2.57372 2.56606 2.566 
1.51 2.55035 2.54274 2.54267 
1.52 2.52719 2.51963 2.51956 
1.53 2.50424 2.49672 2.49666 
1.54 2.48149 2.47402 2.47396 
1.55 2.45895 2.45153 2.45146 
1.56 2.43661 2.42924 2.42917 
1.57 2.41447 2.40715 2.40708 
1.58 2.39253 2.38526 2.38519 
1.59 2.37079 2.36356 2.3635 
1.6 2.34924 2.34206 2.342 
1.61 2.32789 2.32076 2.3207 
1.62 2.30673 2.29964 2.29958 
1.63 2.28576 2.27872 2.27866 
1.64 2.26498 2.25799 2.25793 
1.65 2.24439 2.23744 2.23738 
1.66 2.22398 2.21708 2.21702 
1.67 2.20375 2.1969 2.19684 
1.68 2.18371 2.17691 2.17685 
1.69 2.16385 2.15709 2.15703 
1.7 2.14417 2.13746 2.1374 
1.71 2.12466 2.118 2.11794 
1.72 2.10533 2.09871 2.09866 
1.73 2.08618 2.0796 2.07955 
1.74 2.06719 2.06067 2.06061 
1.75 2.04838 2.0419 2.04184 
1.76 2.02974 2.0233 2.02325 
1.77 2.01127 2.00487 2.00482 
1.78 1.99296 1.98661 1.98656 
1.79 1.97482 1.96852 1.96846 
1.8 1.95684 1.95058 1.95053 
1.81 1.93902 1.93281 1.93276 
1.82 1.92137 1.9152 1.91514 
1.83 1.90387 1.89775 1.89769 
1.84 1.88653 1.88045 1.8804 
1.85 1.86935 1.86331 1.86326 
1.86 1.85232 1.84633 1.84628 
1.87 1.83545 1.8295 1.82945 
1.88 1.81873 1.81282 1.81277 
1.89 1.80216 1.79629 1.79624 
1.9 1.78574 1.77992 1.77987 
1.91 1.76946 1.76369 1.76364 
1.92 1.75334 1.7476 1.74755 
1.93 1.73736 1.73167 1.73162 
1.94 1.72152 1.71587 1.71583 
1.95 1.70583 1.70022 1.70018 
1.96 1.69028 1.68472 1.68467 
1.97 1.67487 1.66935 1.6693 
1.98 1.6596 1.65412 1.65407 
1.99 1.64447 1.63903 1.63898 
2 1.62947 1.62407 1.62402 
2.01 1.61461 1.60925 1.6092 
2.02 1.59988 1.59456 1.59452 
2.03 1.58529 1.58001 1.57997 
2.04 1.57083 1.56559 1.56555 
2.05 1.5565 1.5513 1.55126 
2.06 1.5423 1.53714 1.53709 
2.07 1.52823 1.52311 1.52306 
2.08 1.51428 1.5092 1.50916 
2.09 1.50046 1.49542 1.49538 
2.1 1.48677 1.48177 1.48172 
2.11 1.4732 1.46823 1.46819 
2.12 1.45975 1.45483 1.45478 
2.13 1.44643 1.44154 1.4415 
2.14 1.43322 1.42837 1.42833 
2.15 1.42014 1.41532 1.41528 
2.16 1.40717 1.40239 1.40235 
2.17 1.39432 1.38958 1.38954 
2.18 1.38159 1.37689 1.37685 
2.19 1.36897 1.36431 1.36427 
2.2 1.35647 1.35184 1.3518 
2.21 1.34408 1.33948 1.33944 
2.22 1.3318 1.32724 1.3272 
2.23 1.31963 1.31511 1.31507 
2.24 1.30758 1.30309 1.30305 
2.25 1.29563 1.29118 1.29114 
2.26 1.28379 1.27938 1.27934 
2.27 1.27206 1.26768 1.26764 
2.28 1.26043 1.25609 1.25605 
2.29 1.24891 1.2446 1.24456 
2.3 1.2375 1.23322 1.23318 
2.31 1.22618 1.22194 1.22191 
2.32 1.21497 1.21077 1.21073 
2.33 1.20387 1.19969 1.19966 
2.34 1.19286 1.18872 1.18868 
2.35 1.18195 1.17784 1.17781 
2.36 1.17114 1.16707 1.16703 
2.37 1.16043 1.15639 1.15636 
2.38 1.14982 1.14581 1.14578 
2.39 1.1393 1.13533 1.13529 
2.4 1.12888 1.12494 1.1249 
2.41 1.11855 1.11464 1.11461 
2.42 1.10832 1.10444 1.10441 
2.43 1.09818 1.09433 1.0943 
2.44 1.08813 1.08431 1.08428 
2.45 1.07817 1.07439 1.07436 
2.46 1.06831 1.06455 1.06452 
2.47 1.05853 1.05481 1.05477 
2.48 1.04884 1.04515 1.04512 
2.49 1.03924 1.03558 1.03555 
2.5 1.02973 1.02609 1.02606 
2.51 1.0203 1.0167 1.01667 
2.52 1.01096 1.00739 1.00735 
2.53 1.0017 0.998158 0.998128 
2.54 0.992532 0.989015 0.988985 
2.55 0.983443 0.979955 0.979925 
2.56 0.974437 0.970978 0.970948 
2.57 0.965512 0.962082 0.962052 
2.58 0.956669 0.953266 0.953237 
2.59 0.947906 0.944532 0.944502 
2.6 0.939223 0.935876 0.935847 
2.61 0.930618 0.927299 0.927271 
2.62 0.922092 0.918801 0.918772 
2.63 0.913643 0.910379 0.910351 
2.64 0.905271 0.902035 0.902006 
2.65 0.896976 0.893766 0.893738 
2.66 0.888755 0.885572 0.885544 
2.67 0.88061 0.877453 0.877426 
2.68 0.872538 0.869408 0.869381 
2.69 0.86454 0.861436 0.861409 
2.7 0.856615 0.853537 0.85351 
2.71 0.848762 0.845709 0.845683 
2.72 0.84098 0.837953 0.837927 
2.73 0.833269 0.830268 0.830242 
2.74 0.825629 0.822652 0.822626 
2.75 0.818058 0.815106 0.81508 
2.76 0.810555 0.807628 0.807603 
2.77 0.803121 0.800219 0.800194 
2.78 0.795755 0.792877 0.792852 
2.79 0.788456 0.785602 0.785577 
2.8 0.781223 0.778393 0.778369 
2.81 0.774056 0.77125 0.771226 
2.82 0.766954 0.764172 0.764148 
2.83 0.759917 0.757159 0.757135 
2.84 0.752945 0.750209 0.750186 
2.85 0.746035 0.743323 0.7433 
2.86 0.739189 0.7365 0.736476 
2.87 0.732405 0.729738 0.729715 
2.88 0.725682 0.723039 0.723016 
2.89 0.719021 0.7164 0.716377 
2.9 0.712421 0.709822 0.7098 
2.91 0.705881 0.703304 0.703282 
2.92 0.6994 0.696845 0.696823 
2.93 0.692979 0.690446 0.690424 
2.94 0.686616 0.684104 0.684083 
2.95 0.680311 0.677821 0.677799 
2.96 0.674064 0.671595 0.671573 
2.97 0.667873 0.665425 0.665404 
2.98 0.661739 0.659312 0.659291 
2.99 0.655661 0.653255 0.653234 
3 0.649638 0.647253 0.647232 
3.01 0.643671 0.641305 0.641285 
3.02 0.637757 0.635412 0.635392 
3.03 0.631898 0.629573 0.629553 
3.04 0.626092 0.623787 0.623767 
3.05 0.620339 0.618054 0.618034 
3.06 0.614639 0.612373 0.612353 
3.07 0.60899 0.606744 0.606724 
3.08 0.603393 0.601166 0.601147 
3.09 0.597848 0.59564 0.595621 
3.1 0.592352 0.590163 0.590145 
3.11 0.586907 0.584737 0.584719 
3.12 0.581512 0.579361 0.579342 
3.13 0.576166 0.574033 0.574015 
3.14 0.570869 0.568754 0.568736 
3.15 0.56562 0.563524 0.563505 
3.16 0.560419 0.558341 0.558323 
3.17 0.555265 0.553205 0.553187 
3.18 0.550159 0.548117 0.548099 
3.19 0.545099 0.543074 0.543057 
3.2 0.540086 0.538078 0.538061 
3.21 0.535118 0.533128 0.533111 
3.22 0.530195 0.528223 0.528206 
3.23 0.525318 0.523363 0.523346 
3.24 0.520485 0.518547 0.51853 
3.25 0.515697 0.513775 0.513758 
3.26 0.510952 0.509047 0.50903 
3.27 0.50625 0.504362 0.504345 
3.28 0.501591 0.499719 0.499703 
3.29 0.496975 0.49512 0.495104 
3.3 0.492402 0.490562 0.490546 
3.31 0.48787 0.486046 0.48603 
3.32 0.483379 0.481571 0.481556 
3.33 0.47893 0.477138 0.477122 
3.34 0.474521 0.472744 0.472729 
3.35 0.470152 0.468391 0.468376 
3.36 0.465824 0.464078 0.464063 
3.37 0.461535 0.459804 0.459789 
3.38 0.457285 0.45557 0.455555 
3.39 0.453074 0.451374 0.451359 
3.4 0.448902 0.447216 0.447202 
3.41 0.444768 0.443097 0.443082 
3.42 0.440671 0.439015 0.439001 
3.43 0.436612 0.434971 0.434957 
3.44 0.432591 0.430963 0.430949 
3.45 0.428606 0.426993 0.426979 
3.46 0.424657 0.423058 0.423045 
3.47 0.420745 0.41916 0.419146 
3.48 0.416868 0.415297 0.415284 
3.49 0.413027 0.41147 0.411457 
3.5 0.409222 0.407678 0.407665 
3.51 0.40545 0.403921 0.403907 
3.52 0.401714 0.400197 0.400184 
3.53 0.398012 0.396509 0.396496 
3.54 0.394343 0.392853 0.39284 
3.55 0.390709 0.389232 0.389219 
3.56 0.387107 0.385643 0.38563 
3.57 0.383538 0.382087 0.382075 
3.58 0.380003 0.378564 0.378552 
3.59 0.376499 0.375074 0.375061 
3.6 0.373028 0.371615 0.371603 
3.61 0.369588 0.368188 0.368176 
3.62 0.36618 0.364792 0.36478 
3.63 0.362803 0.361427 0.361416 
3.64 0.359458 0.358094 0.358082 
3.65 0.356142 0.354791 0.354779 
3.66 0.352858 0.351518 0.351506 
3.67 0.349603 0.348275 0.348263 
3.68 0.346378 0.345062 0.34505 
3.69 0.343183 0.341878 0.341867 
3.7 0.340017 0.338723 0.338712 
3.71 0.33688 0.335598 0.335587 
3.72 0.333771 0.332501 0.33249 
3.73 0.330692 0.329433 0.329422 
3.74 0.32764 0.326392 0.326381 
3.75 0.324617 0.32338 0.323369 
3.76 0.321621 0.320395 0.320384 
3.77 0.318653 0.317437 0.317427 
3.78 0.315712 0.314507 0.314497 
3.79 0.312797 0.311604 0.311593 
3.8 0.30991 0.308727 0.308717 
3.81 0.307049 0.305876 0.305866 
3.82 0.304215 0.303052 0.303042 
3.83 0.301406 0.300254 0.300244 
3.84 0.298623 0.297481 0.297471 
3.85 0.295866 0.294734 0.294724 
3.86 0.293134 0.292012 0.292002 
3.87 0.290427 0.289315 0.289306 
3.88 0.287745 0.286643 0.286633 
3.89 0.285087 0.283995 0.283986 
3.9 0.282454 0.281372 0.281363 
3.91 0.279845 0.278773 0.278763 
3.92 0.27726 0.276197 0.276188 
3.93 0.274699 0.273645 0.273636 
3.94 0.272161 0.271117 0.271108 
3.95 0.269647 0.268612 0.268603 
3.96 0.267156 0.26613 0.266121 
3.97 0.264687 0.263671 0.263662 
3.98 0.262241 0.261234 0.261225 
3.99 0.259818 0.25882 0.258811 
4 0.257417 0.256427 0.256419 
4.01 0.255038 0.254057 0.254049 
4.02 0.252681 0.251709 0.251701 
4.03 0.250346 0.249382 0.249374 
4.04 0.248032 0.247077 0.247069 
4.05 0.245739 0.244793 0.244784 
4.06 0.243467 0.242529 0.242521 
4.07 0.241216 0.240287 0.240279 
4.08 0.238986 0.238065 0.238057 
4.09 0.236777 0.235864 0.235856 
4.1 0.234587 0.233683 0.233675 
4.11 0.232418 0.231521 0.231514 
4.12 0.230269 0.22938 0.229373 
4.13 0.228139 0.227259 0.227251 
4.14 0.226029 0.225157 0.225149 
4.15 0.223939 0.223074 0.223066 
4.16 0.221868 0.22101 0.221003 
4.17 0.219815 0.218966 0.218959 
4.18 0.217782 0.21694 0.216933 
4.19 0.215767 0.214933 0.214926 
4.2 0.213771 0.212944 0.212937 
4.21 0.211794 0.210974 0.210967 
4.22 0.209834 0.209022 0.209015 
4.23 0.207892 0.207087 0.207081 
4.24 0.205969 0.205171 0.205164 
4.25 0.204063 0.203272 0.203265 
4.26 0.202174 0.201391 0.201384 
4.27 0.200303 0.199527 0.19952 
4.28 0.198449 0.19768 0.197673 
4.29 0.196613 0.19585 0.195843 
4.3 0.194793 0.194037 0.19403 
4.31 0.192989 0.192241 0.192234 
4.32 0.191203 0.190461 0.190454 
4.33 0.189433 0.188697 0.188691 
4.34 0.187679 0.18695 0.186944 
4.35 0.185941 0.185219 0.185213 
4.36 0.18422 0.183504 0.183498 
4.37 0.182514 0.181804 0.181798 
4.38 0.180824 0.180121 0.180115 
4.39 0.179149 0.178453 0.178446 
4.4 0.17749 0.1768 0.176794 
4.41 0.175846 0.175162 0.175156 
4.42 0.174218 0.173539 0.173534 
4.43 0.172604 0.171932 0.171926 
4.44 0.171005 0.170339 0.170333 
4.45 0.169421 0.168761 0.168755 
4.46 0.167851 0.167197 0.167192 
4.47 0.166296 0.165648 0.165643 
4.48 0.164756 0.164113 0.164108 
4.49 0.163229 0.162593 0.162587 
4.5 0.161717 0.161086 0.16108 
4.51 0.160218 0.159593 0.159588 
4.52 0.158733 0.158114 0.158109 
4.53 0.157262 0.156649 0.156643 
4.54 0.155805 0.155197 0.155191 
4.55 0.154361 0.153758 0.153753 
4.56 0.15293 0.152333 0.152328 
4.57 0.151513 0.150921 0.150915 
4.58 0.150108 0.149521 0.149516 
4.59 0.148717 0.148135 0.14813 
4.6 0.147338 0.146762 0.146757 
4.61 0.145972 0.145401 0.145396 
4.62 0.144619 0.144053 0.144048 
4.63 0.143278 0.142717 0.142712 
4.64 0.141949 0.141393 0.141389 
4.65 0.140633 0.140082 0.140077 
4.66 0.139329 0.138783 0.138778 
4.67 0.138037 0.137496 0.137491 
4.68 0.136756 0.136221 0.136216 
4.69 0.135488 0.134957 0.134952 
4.7 0.134231 0.133705 0.133701 
4.71 0.132986 0.132465 0.13246 
4.72 0.131753 0.131236 0.131231 
4.73 0.13053 0.130018 0.130014 
4.74 0.129319 0.128812 0.128808 
4.75 0.12812 0.127617 0.127613 
4.76 0.126931 0.126433 0.126428 
4.77 0.125753 0.125259 0.125255 
4.78 0.124586 0.124097 0.124093 
4.79 0.12343 0.122945 0.122941 
4.8 0.122285 0.121804 0.1218 
4.81 0.12115 0.120674 0.12067 
4.82 0.120026 0.119554 0.11955 
4.83 0.118912 0.118444 0.11844 
4.84 0.117808 0.117345 0.117341 
4.85 0.116714 0.116255 0.116251 
4.86 0.115631 0.115176 0.115172 
4.87 0.114558 0.114107 0.114103 
4.88 0.113494 0.113047 0.113044 
4.89 0.11244 0.111998 0.111994 
4.9 0.111397 0.110958 0.110954 
4.91 0.110362 0.109928 0.109924 
4.92 0.109337 0.108907 0.108903 
4.93 0.108322 0.107895 0.107892 
4.94 0.107316 0.106893 0.10689 
4.95 0.10632 0.105901 0.105897 
4.96 0.105332 0.104917 0.104913 
4.97 0.104354 0.103942 0.103939 
4.98 0.103385 0.102977 0.102973 
4.99 0.102424 0.10202 0.102017 
